Time          F_x          F_y          F_z
0.0000e+00  0.0000e+00  0.0000e+00  0.0000e+00
5.0000e-03  3.8888e-04  -2.0607e-03  -7.5920e-10
1.0000e-02  1.2465e-03  -6.3468e-03  4.8067e-10
1.5000e-02  2.4142e-03  -9.7015e-03  6.0163e-09
2.0000e-02  3.9950e-03  -1.2678e-02  4.4647e-09
2.5000e-02  6.0909e-03  -1.6246e-02  -1.2049e-08
3.0000e-02  8.7083e-03  -1.9652e-02  -3.7201e-08
3.5000e-02  1.1558e-02  -2.3118e-02  -7.1003e-08
4.0000e-02  1.4392e-02  -2.6585e-02  -1.1749e-07
4.5000e-02  1.7119e-02  -2.9986e-02  -1.7256e-07
5.0000e-02  1.9578e-02  -3.3352e-02  -2.3045e-07
5.5000e-02  2.1557e-02  -3.6594e-02  -2.8943e-07
6.0000e-02  2.3069e-02  -3.9724e-02  -3.4705e-07
6.5000e-02  2.4220e-02  -4.2778e-02  -4.0047e-07
7.0000e-02  2.5114e-02  -4.5749e-02  -4.4766e-07
7.5000e-02  2.5883e-02  -4.8652e-02  -4.8992e-07
8.0000e-02  2.6734e-02  -5.1531e-02  -5.3048e-07
8.5000e-02  2.7849e-02  -5.4406e-02  -5.7234e-07
9.0000e-02  2.9302e-02  -5.7279e-02  -6.2026e-07
9.5000e-02  3.1112e-02  -6.0153e-02  -6.7872e-07
1.0000e-01  3.3268e-02  -6.3024e-02  -7.5186e-07
1.0500e-01  3.5658e-02  -6.5867e-02  -8.4118e-07
1.1000e-01  3.8123e-02  -6.8649e-02  -9.4683e-07
1.1500e-01  4.0497e-02  -7.1343e-02  -1.0673e-06
1.2000e-01  4.2648e-02  -7.3923e-02  -1.1992e-06
1.2500e-01  4.4468e-02  -7.6367e-02  -1.3380e-06
1.3000e-01  4.5902e-02  -7.8665e-02  -1.4787e-06
1.3500e-01  4.6982e-02  -8.0822e-02  -1.6174e-06
1.4000e-01  4.7792e-02  -8.2851e-02  -1.7513e-06
1.4500e-01  4.8453e-02  -8.4767e-02  -1.8796e-06
1.5000e-01  4.9106e-02  -8.6595e-02  -2.0038e-06
1.5500e-01  4.9887e-02  -8.8351e-02  -2.1279e-06
1.6000e-01  5.0897e-02  -9.0050e-02  -2.2571e-06
1.6500e-01  5.2180e-02  -9.1693e-02  -2.3974e-06
1.7000e-01  5.3724e-02  -9.3275e-02  -2.5542e-06
1.7500e-01  5.5467e-02  -9.4778e-02  -2.7315e-06
1.8000e-01  5.7301e-02  -9.6183e-02  -2.9313e-06
1.8500e-01  5.9098e-02  -9.7463e-02  -3.1531e-06
1.9000e-01  6.0738e-02  -9.8598e-02  -3.3941e-06
1.9500e-01  6.2127e-02  -9.9571e-02  -3.6498e-06
2.0000e-01  6.3212e-02  -1.0037e-01  -3.9148e-06
2.0500e-01  6.3994e-02  -1.0101e-01  -4.1839e-06
2.1000e-01  6.4524e-02  -1.0148e-01  -4.4530e-06
2.1500e-01  6.4894e-02  -1.0182e-01  -4.7200e-06
2.2000e-01  6.5211e-02  -1.0203e-01  -4.9856e-06
2.2500e-01  6.5587e-02  -1.0214e-01  -5.2526e-06
2.3000e-01  6.6109e-02  -1.0216e-01  -5.5261e-06
2.3500e-01  6.6831e-02  -1.0209e-01  -5.8118e-06
2.4000e-01  6.7756e-02  -1.0193e-01  -6.1155e-06
2.4500e-01  6.8846e-02  -1.0167e-01  -6.4416e-06
2.5000e-01  7.0026e-02  -1.0130e-01  -6.7921e-06
2.5500e-01  7.1198e-02  -1.0079e-01  -7.1667e-06
2.6000e-01  7.2263e-02  -1.0013e-01  -7.5623e-06
2.6500e-01  7.3141e-02  -9.9305e-02  -7.9736e-06
2.7000e-01  7.3779e-02  -9.8316e-02  -8.3940e-06
2.7500e-01  7.4167e-02  -9.7163e-02  -8.8165e-06
2.8000e-01  7.4334e-02  -9.5856e-02  -9.2349e-06
2.8500e-01  7.4345e-02  -9.4410e-02  -9.6445e-06
2.9000e-01  7.4281e-02  -9.2844e-02  -1.0043e-05
2.9500e-01  7.4231e-02  -9.1175e-02  -1.0431e-05
3.0000e-01  7.4269e-02  -8.9415e-02  -1.0810e-05
3.0500e-01  7.4445e-02  -8.7572e-02  -1.1183e-05
3.1000e-01  7.4772e-02  -8.5647e-02  -1.1556e-05
3.1500e-01  7.5230e-02  -8.3634e-02  -1.1930e-05
3.2000e-01  7.5768e-02  -8.1522e-02  -1.2308e-05
3.2500e-01  7.6314e-02  -7.9302e-02  -1.2690e-05
3.3000e-01  7.6795e-02  -7.6961e-02  -1.3072e-05
3.3500e-01  7.7145e-02  -7.4495e-02  -1.3450e-05
3.4000e-01  7.7320e-02  -7.1900e-02  -1.3818e-05
3.4500e-01  7.7307e-02  -6.9183e-02  -1.4170e-05
3.5000e-01  7.7125e-02  -6.6353e-02  -1.4500e-05
3.5500e-01  7.6816e-02  -6.3426e-02  -1.4804e-05
3.6000e-01  7.6443e-02  -6.0418e-02  -1.5079e-05
3.6500e-01  7.6072e-02  -5.7345e-02  -1.5327e-05
3.7000e-01  7.5764e-02  -5.4218e-02  -1.5552e-05
3.7500e-01  7.5558e-02  -5.1046e-02  -1.5757e-05
3.8000e-01  7.5469e-02  -4.7831e-02  -1.5949e-05
3.8500e-01  7.5485e-02  -4.4571e-02  -1.6133e-05
3.9000e-01  7.5569e-02  -4.1260e-02  -1.6312e-05
3.9500e-01  7.5669e-02  -3.7891e-02  -1.6490e-05
4.0000e-01  7.5726e-02  -3.4458e-02  -1.6665e-05
4.0500e-01  7.5689e-02  -3.0958e-02  -1.6835e-05
4.1000e-01  7.5520e-02  -2.7392e-02  -1.6997e-05
4.1500e-01  7.5204e-02  -2.3768e-02  -1.7146e-05
4.2000e-01  7.4750e-02  -2.0095e-02  -1.7278e-05
4.2500e-01  7.4187e-02  -1.6388e-02  -1.7389e-05
4.3000e-01  7.3560e-02  -1.2664e-02  -1.7479e-05
4.3500e-01  7.2918e-02  -8.9375e-03  -1.7547e-05
4.4000e-01  7.2306e-02  -5.2217e-03  -1.7596e-05
4.4500e-01  7.1759e-02  -1.5268e-03  -1.7630e-05
4.5000e-01  7.1291e-02  2.1418e-03  -1.7651e-05
4.5500e-01  7.0897e-02  5.7819e-03  -1.7664e-05
4.6000e-01  7.0556e-02  9.3942e-03  -1.7670e-05
4.6500e-01  7.0232e-02  1.2981e-02  -1.7669e-05
4.7000e-01  6.9886e-02  1.6543e-02  -1.7662e-05
4.7500e-01  6.9482e-02  2.0081e-02  -1.7644e-05
4.8000e-01  6.8995e-02  2.3591e-02  -1.7615e-05
4.8500e-01  6.8414e-02  2.7067e-02  -1.7570e-05
4.9000e-01  6.7749e-02  3.0500e-02  -1.7507e-05
4.9500e-01  6.7021e-02  3.3878e-02  -1.7425e-05
5.0000e-01  6.6267e-02  3.7192e-02  -1.7325e-05
5.0500e-01  6.5911e-02  3.8368e-02  -1.7209e-05
5.1000e-01  6.6069e-02  3.7241e-02  -1.7083e-05
5.1500e-01  6.6609e-02  3.6967e-02  -1.6960e-05
5.2000e-01  6.7647e-02  3.7002e-02  -1.6866e-05
5.2500e-01  6.9286e-02  3.6394e-02  -1.6812e-05
5.3000e-01  7.1518e-02  3.5913e-02  -1.6792e-05
5.3500e-01  7.4021e-02  3.5357e-02  -1.6808e-05
5.4000e-01  7.6513e-02  3.4799e-02  -1.6858e-05
5.4500e-01  7.8878e-02  3.4307e-02  -1.6929e-05
5.5000e-01  8.0935e-02  3.3848e-02  -1.7003e-05
5.5500e-01  8.2459e-02  3.3498e-02  -1.7069e-05
5.6000e-01  8.3469e-02  3.3228e-02  -1.7111e-05
5.6500e-01  8.4088e-02  3.2983e-02  -1.7120e-05
5.7000e-01  8.4436e-02  3.2755e-02  -1.7091e-05
5.7500e-01  8.4663e-02  3.2515e-02  -1.7026e-05
5.8000e-01  8.4986e-02  3.2218e-02  -1.6933e-05
5.8500e-01  8.5589e-02  3.1845e-02  -1.6822e-05
5.9000e-01  8.6532e-02  3.1405e-02  -1.6705e-05
5.9500e-01  8.7812e-02  3.0908e-02  -1.6596e-05
6.0000e-01  8.9389e-02  3.0374e-02  -1.6501e-05
6.0500e-01  9.1123e-02  2.9839e-02  -1.6427e-05
6.1000e-01  9.2834e-02  2.9344e-02  -1.6372e-05
6.1500e-01  9.4343e-02  2.8915e-02  -1.6334e-05
6.2000e-01  9.5525e-02  2.8572e-02  -1.6305e-05
6.2500e-01  9.6287e-02  2.8323e-02  -1.6275e-05
6.3000e-01  9.6601e-02  2.8163e-02  -1.6236e-05
6.3500e-01  9.6533e-02  2.8070e-02  -1.6181e-05
6.4000e-01  9.6198e-02  2.8015e-02  -1.6108e-05
6.4500e-01  9.5741e-02  2.7969e-02  -1.6017e-05
6.5000e-01  9.5315e-02  2.7903e-02  -1.5914e-05
6.5500e-01  9.5057e-02  2.7799e-02  -1.5807e-05
6.6000e-01  9.5054e-02  2.7648e-02  -1.5704e-05
6.6500e-01  9.5331e-02  2.7454e-02  -1.5616e-05
6.7000e-01  9.5854e-02  2.7230e-02  -1.5547e-05
6.7500e-01  9.6540e-02  2.6999e-02  -1.5502e-05
6.8000e-01  9.7273e-02  2.6782e-02  -1.5479e-05
6.8500e-01  9.7926e-02  2.6604e-02  -1.5473e-05
6.9000e-01  9.8393e-02  2.6477e-02  -1.5479e-05
6.9500e-01  9.8605e-02  2.6409e-02  -1.5487e-05
7.0000e-01  9.8542e-02  2.6393e-02  -1.5491e-05
7.0500e-01  9.8235e-02  2.6418e-02  -1.5483e-05
7.1000e-01  9.7761e-02  2.6462e-02  -1.5461e-05
7.1500e-01  9.7225e-02  2.6503e-02  -1.5425e-05
7.2000e-01  9.6736e-02  2.6521e-02  -1.5379e-05
7.2500e-01  9.6395e-02  2.6502e-02  -1.5327e-05
7.3000e-01  9.6265e-02  2.6438e-02  -1.5276e-05
7.3500e-01  9.6373e-02  2.6332e-02  -1.5233e-05
7.4000e-01  9.6693e-02  2.6194e-02  -1.5203e-05
7.4500e-01  9.7166e-02  2.6041e-02  -1.5187e-05
7.5000e-01  9.7705e-02  2.5891e-02  -1.5185e-05
7.5500e-01  9.8214e-02  2.5761e-02  -1.5194e-05
7.6000e-01  9.8607e-02  2.5665e-02  -1.5210e-05
7.6500e-01  9.8825e-02  2.5608e-02  -1.5226e-05
7.7000e-01  9.8844e-02  2.5590e-02  -1.5237e-05
7.7500e-01  9.8681e-02  2.5601e-02  -1.5238e-05
7.8000e-01  9.8384e-02  2.5628e-02  -1.5228e-05
7.8500e-01  9.8027e-02  2.5655e-02  -1.5206e-05
7.9000e-01  9.7691e-02  2.5668e-02  -1.5174e-05
7.9500e-01  9.7450e-02  2.5654e-02  -1.5137e-05
8.0000e-01  9.7357e-02  2.5607e-02  -1.5099e-05
8.0500e-01  9.7436e-02  2.5529e-02  -1.5064e-05
8.1000e-01  9.7673e-02  2.5425e-02  -1.5038e-05
8.1500e-01  9.8030e-02  2.5308e-02  -1.5022e-05
8.2000e-01  9.8442e-02  2.5190e-02  -1.5016e-05
8.2500e-01  9.8842e-02  2.5085e-02  -1.5019e-05
8.3000e-01  9.9162e-02  2.5004e-02  -1.5027e-05
8.3500e-01  9.9357e-02  2.4951e-02  -1.5036e-05
8.4000e-01  9.9405e-02  2.4928e-02  -1.5042e-05
8.4500e-01  9.9312e-02  2.4928e-02  -1.5041e-05
8.5000e-01  9.9111e-02  2.4943e-02  -1.5033e-05
8.5500e-01  9.8855e-02  2.4960e-02  -1.5015e-05
8.6000e-01  9.8604e-02  2.4968e-02  -1.4991e-05
8.6500e-01  9.8414e-02  2.4959e-02  -1.4962e-05
8.7000e-01  9.8327e-02  2.4926e-02  -1.4932e-05
8.7500e-01  9.8365e-02  2.4870e-02  -1.4905e-05
8.8000e-01  9.8523e-02  2.4794e-02  -1.4883e-05
8.8500e-01  9.8776e-02  2.4707e-02  -1.4869e-05
8.9000e-01  9.9078e-02  2.4619e-02  -1.4862e-05
8.9500e-01  9.9380e-02  2.4538e-02  -1.4862e-05
9.0000e-01  9.9631e-02  2.4474e-02  -1.4867e-05
9.0500e-01  9.9796e-02  2.4431e-02  -1.4873e-05
9.1000e-01  9.9853e-02  2.4409e-02  -1.4877e-05
9.1500e-01  9.9805e-02  2.4406e-02  -1.4877e-05
9.2000e-01  9.9674e-02  2.4415e-02  -1.4871e-05
9.2500e-01  9.9495e-02  2.4427e-02  -1.4859e-05
9.3000e-01  9.9313e-02  2.4434e-02  -1.4841e-05
9.3500e-01  9.9170e-02  2.4429e-02  -1.4820e-05
9.4000e-01  9.9100e-02  2.4407e-02  -1.4798e-05
9.4500e-01  9.9120e-02  2.4367e-02  -1.4777e-05
9.5000e-01  9.9232e-02  2.4311e-02  -1.4761e-05
9.5500e-01  9.9418e-02  2.4246e-02  -1.4749e-05
9.6000e-01  9.9648e-02  2.4178e-02  -1.4743e-05
9.6500e-01  9.9885e-02  2.4115e-02  -1.4742e-05
9.7000e-01  1.0009e-01  2.4062e-02  -1.4745e-05
9.7500e-01  1.0024e-01  2.4023e-02  -1.4749e-05
9.8000e-01  1.0031e-01  2.4001e-02  -1.4752e-05
9.8500e-01  1.0030e-01  2.3992e-02  -1.4752e-05
9.9000e-01  1.0023e-01  2.3993e-02  -1.4748e-05
9.9500e-01  1.0012e-01  2.3996e-02  -1.4739e-05
1.0000e+00  9.9998e-02  2.3997e-02  -1.4727e-05
1.0050e+00  9.9904e-02  2.3989e-02  -1.4711e-05
1.0100e+00  9.9861e-02  2.3969e-02  -1.4695e-05
1.0150e+00  9.9884e-02  2.3936e-02  -1.4679e-05
1.0200e+00  9.9976e-02  2.3890e-02  -1.4666e-05
1.0250e+00  1.0013e-01  2.3836e-02  -1.4656e-05
1.0300e+00  1.0031e-01  2.3778e-02  -1.4651e-05
1.0350e+00  1.0051e-01  2.3723e-02  -1.4649e-05
1.0400e+00  1.0069e-01  2.3675e-02  -1.4650e-05
1.0450e+00  1.0083e-01  2.3636e-02  -1.4653e-05
1.0500e+00  1.0092e-01  2.3610e-02  -1.4655e-05
1.0550e+00  1.0095e-01  2.3593e-02  -1.4655e-05
1.0600e+00  1.0093e-01  2.3584e-02  -1.4653e-05
1.0650e+00  1.0087e-01  2.3578e-02  -1.4647e-05
1.0700e+00  1.0081e-01  2.3570e-02  -1.4638e-05
1.0750e+00  1.0077e-01  2.3556e-02  -1.4626e-05
1.0800e+00  1.0076e-01  2.3534e-02  -1.4614e-05
1.0850e+00  1.0079e-01  2.3501e-02  -1.4602e-05
1.0900e+00  1.0088e-01  2.3459e-02  -1.4592e-05
1.0950e+00  1.0101e-01  2.3410e-02  -1.4584e-05
1.1000e+00  1.0118e-01  2.3358e-02  -1.4580e-05
1.1050e+00  1.0136e-01  2.3306e-02  -1.4578e-05
1.1100e+00  1.0153e-01  2.3259e-02  -1.4579e-05
1.1150e+00  1.0167e-01  2.3218e-02  -1.4580e-05
1.1200e+00  1.0177e-01  2.3186e-02  -1.4582e-05
1.1250e+00  1.0184e-01  2.3161e-02  -1.4582e-05
1.1300e+00  1.0186e-01  2.3142e-02  -1.4581e-05
1.1350e+00  1.0186e-01  2.3126e-02  -1.4577e-05
1.1400e+00  1.0185e-01  2.3109e-02  -1.4571e-05
1.1450e+00  1.0185e-01  2.3088e-02  -1.4563e-05
1.1500e+00  1.0187e-01  2.3061e-02  -1.4554e-05
1.1550e+00  1.0193e-01  2.3026e-02  -1.4546e-05
1.1600e+00  1.0203e-01  2.2984e-02  -1.4538e-05
1.1650e+00  1.0216e-01  2.2936e-02  -1.4532e-05
1.1700e+00  1.0231e-01  2.2885e-02  -1.4529e-05
1.1750e+00  1.0248e-01  2.2835e-02  -1.4527e-05
1.1800e+00  1.0264e-01  2.2787e-02  -1.4528e-05
1.1850e+00  1.0279e-01  2.2744e-02  -1.4529e-05
1.1900e+00  1.0290e-01  2.2707e-02  -1.4531e-05
1.1950e+00  1.0299e-01  2.2676e-02  -1.4532e-05
1.2000e+00  1.0305e-01  2.2649e-02  -1.4532e-05
1.2050e+00  1.0308e-01  2.2626e-02  -1.4530e-05
1.2100e+00  1.0311e-01  2.2602e-02  -1.4526e-05
1.2150e+00  1.0314e-01  2.2577e-02  -1.4521e-05
1.2200e+00  1.0318e-01  2.2547e-02  -1.4516e-05
1.2250e+00  1.0325e-01  2.2512e-02  -1.4510e-05
1.2300e+00  1.0334e-01  2.2472e-02  -1.4505e-05
1.2350e+00  1.0346e-01  2.2429e-02  -1.4501e-05
1.2400e+00  1.0360e-01  2.2383e-02  -1.4499e-05
1.2450e+00  1.0375e-01  2.2337e-02  -1.4499e-05
1.2500e+00  1.0389e-01  2.2294e-02  -1.4500e-05
1.2550e+00  1.0402e-01  2.2254e-02  -1.4502e-05
1.2600e+00  1.0413e-01  2.2220e-02  -1.4505e-05
1.2650e+00  1.0422e-01  2.2190e-02  -1.4507e-05
1.2700e+00  1.0428e-01  2.2165e-02  -1.4508e-05
1.2750e+00  1.0432e-01  2.2143e-02  -1.4508e-05
1.2800e+00  1.0435e-01  2.2121e-02  -1.4507e-05
1.2850e+00  1.0439e-01  2.2100e-02  -1.4505e-05
1.2900e+00  1.0442e-01  2.2076e-02  -1.4502e-05
1.2950e+00  1.0448e-01  2.2049e-02  -1.4499e-05
1.3000e+00  1.0455e-01  2.2019e-02  -1.4497e-05
1.3050e+00  1.0463e-01  2.1986e-02  -1.4495e-05
1.3100e+00  1.0473e-01  2.1953e-02  -1.4495e-05
1.3150e+00  1.0484e-01  2.1920e-02  -1.4496e-05
1.3200e+00  1.0494e-01  2.1889e-02  -1.4499e-05
1.3250e+00  1.0503e-01  2.1862e-02  -1.4502e-05
1.3300e+00  1.0511e-01  2.1839e-02  -1.4505e-05
1.3350e+00  1.0517e-01  2.1820e-02  -1.4508e-05
1.3400e+00  1.0520e-01  2.1806e-02  -1.4511e-05
1.3450e+00  1.0522e-01  2.1795e-02  -1.4513e-05
1.3500e+00  1.0523e-01  2.1785e-02  -1.4515e-05
1.3550e+00  1.0523e-01  2.1776e-02  -1.4515e-05
1.3600e+00  1.0524e-01  2.1767e-02  -1.4515e-05
1.3650e+00  1.0525e-01  2.1756e-02  -1.4515e-05
1.3700e+00  1.0527e-01  2.1744e-02  -1.4515e-05
1.3750e+00  1.0531e-01  2.1730e-02  -1.4516e-05
1.3800e+00  1.0535e-01  2.1717e-02  -1.4518e-05
1.3850e+00  1.0539e-01  2.1704e-02  -1.4521e-05
1.3900e+00  1.0544e-01  2.1693e-02  -1.4525e-05
1.3950e+00  1.0547e-01  2.1686e-02  -1.4529e-05
1.4000e+00  1.0549e-01  2.1682e-02  -1.4534e-05
1.4050e+00  1.0549e-01  2.1683e-02  -1.4539e-05
1.4100e+00  1.0548e-01  2.1687e-02  -1.4543e-05
1.4150e+00  1.0545e-01  2.1694e-02  -1.4547e-05
1.4200e+00  1.0541e-01  2.1704e-02  -1.4551e-05
1.4250e+00  1.0536e-01  2.1715e-02  -1.4554e-05
1.4300e+00  1.0531e-01  2.1726e-02  -1.4557e-05
1.4350e+00  1.0527e-01  2.1737e-02  -1.4559e-05
1.4400e+00  1.0523e-01  2.1747e-02  -1.4562e-05
1.4450e+00  1.0520e-01  2.1757e-02  -1.4565e-05
1.4500e+00  1.0517e-01  2.1767e-02  -1.4569e-05
1.4550e+00  1.0514e-01  2.1778e-02  -1.4574e-05
1.4600e+00  1.0511e-01  2.1791e-02  -1.4580e-05
1.4650e+00  1.0507e-01  2.1807e-02  -1.4586e-05
1.4700e+00  1.0503e-01  2.1825e-02  -1.4592e-05
1.4750e+00  1.0497e-01  2.1847e-02  -1.4599e-05
1.4800e+00  1.0489e-01  2.1872e-02  -1.4606e-05
1.4850e+00  1.0481e-01  2.1900e-02  -1.4612e-05
1.4900e+00  1.0471e-01  2.1930e-02  -1.4618e-05
1.4950e+00  1.0461e-01  2.1961e-02  -1.4623e-05
1.5000e+00  1.0451e-01  2.1992e-02  -1.4629e-05
1.5050e+00  1.0441e-01  2.2024e-02  -1.4634e-05
1.5100e+00  1.0431e-01  2.2054e-02  -1.4639e-05
1.5150e+00  1.0422e-01  2.2085e-02  -1.4645e-05
1.5200e+00  1.0413e-01  2.2115e-02  -1.4651e-05
1.5250e+00  1.0404e-01  2.2146e-02  -1.4658e-05
1.5300e+00  1.0395e-01  2.2178e-02  -1.4665e-05
1.5350e+00  1.0386e-01  2.2212e-02  -1.4673e-05
1.5400e+00  1.0376e-01  2.2247e-02  -1.4681e-05
1.5450e+00  1.0365e-01  2.2285e-02  -1.4690e-05
1.5500e+00  1.0354e-01  2.2324e-02  -1.4698e-05
1.5550e+00  1.0341e-01  2.2366e-02  -1.4706e-05
1.5600e+00  1.0328e-01  2.2408e-02  -1.4713e-05
1.5650e+00  1.0315e-01  2.2451e-02  -1.4721e-05
1.5700e+00  1.0301e-01  2.2493e-02  -1.4728e-05
1.5750e+00  1.0288e-01  2.2535e-02  -1.4735e-05
1.5800e+00  1.0275e-01  2.2577e-02  -1.4742e-05
1.5850e+00  1.0262e-01  2.2617e-02  -1.4749e-05
1.5900e+00  1.0250e-01  2.2656e-02  -1.4756e-05
1.5950e+00  1.0239e-01  2.2695e-02  -1.4764e-05
1.6000e+00  1.0227e-01  2.2734e-02  -1.4772e-05
1.6050e+00  1.0216e-01  2.2774e-02  -1.4780e-05
1.6100e+00  1.0204e-01  2.2813e-02  -1.4788e-05
1.6150e+00  1.0192e-01  2.2854e-02  -1.4796e-05
1.6200e+00  1.0179e-01  2.2895e-02  -1.4804e-05
1.6250e+00  1.0166e-01  2.2937e-02  -1.4812e-05
1.6300e+00  1.0153e-01  2.2979e-02  -1.4820e-05
1.6350e+00  1.0140e-01  2.3020e-02  -1.4827e-05
1.6400e+00  1.0127e-01  2.3060e-02  -1.4833e-05
1.6450e+00  1.0114e-01  2.3099e-02  -1.4839e-05
1.6500e+00  1.0101e-01  2.3137e-02  -1.4846e-05
1.6550e+00  1.0090e-01  2.3173e-02  -1.4851e-05
1.6600e+00  1.0079e-01  2.3207e-02  -1.4857e-05
1.6650e+00  1.0068e-01  2.3241e-02  -1.4863e-05
1.6700e+00  1.0058e-01  2.3273e-02  -1.4869e-05
1.6750e+00  1.0048e-01  2.3305e-02  -1.4875e-05
1.6800e+00  1.0038e-01  2.3336e-02  -1.4881e-05
1.6850e+00  1.0028e-01  2.3367e-02  -1.4887e-05
1.6900e+00  1.0018e-01  2.3398e-02  -1.4892e-05
1.6950e+00  1.0007e-01  2.3428e-02  -1.4897e-05
1.7000e+00  9.9972e-02  2.3458e-02  -1.4902e-05
1.7050e+00  9.9871e-02  2.3486e-02  -1.4906e-05
1.7100e+00  9.9772e-02  2.3514e-02  -1.4910e-05
1.7150e+00  9.9678e-02  2.3539e-02  -1.4913e-05
1.7200e+00  9.9588e-02  2.3564e-02  -1.4916e-05
1.7250e+00  9.9505e-02  2.3586e-02  -1.4919e-05
1.7300e+00  9.9428e-02  2.3607e-02  -1.4922e-05
1.7350e+00  9.9356e-02  2.3626e-02  -1.4924e-05
1.7400e+00  9.9288e-02  2.3645e-02  -1.4927e-05
1.7450e+00  9.9223e-02  2.3662e-02  -1.4929e-05
1.7500e+00  9.9161e-02  2.3678e-02  -1.4931e-05
1.7550e+00  9.9099e-02  2.3694e-02  -1.4933e-05
1.7600e+00  9.9037e-02  2.3710e-02  -1.4935e-05
1.7650e+00  9.8975e-02  2.3725e-02  -1.4936e-05
1.7700e+00  9.8914e-02  2.3739e-02  -1.4937e-05
1.7750e+00  9.8854e-02  2.3753e-02  -1.4938e-05
1.7800e+00  9.8796e-02  2.3766e-02  -1.4938e-05
1.7850e+00  9.8741e-02  2.3777e-02  -1.4938e-05
1.7900e+00  9.8691e-02  2.3788e-02  -1.4938e-05
1.7950e+00  9.8645e-02  2.3797e-02  -1.4938e-05
1.8000e+00  9.8603e-02  2.3805e-02  -1.4938e-05
1.8050e+00  9.8565e-02  2.3812e-02  -1.4937e-05
1.8100e+00  9.8531e-02  2.3818e-02  -1.4937e-05
1.8150e+00  9.8499e-02  2.3823e-02  -1.4936e-05
1.8200e+00  9.8468e-02  2.3829e-02  -1.4935e-05
1.8250e+00  9.8438e-02  2.3834e-02  -1.4935e-05
1.8300e+00  9.8407e-02  2.3839e-02  -1.4934e-05
1.8350e+00  9.8375e-02  2.3844e-02  -1.4933e-05
1.8400e+00  9.8344e-02  2.3850e-02  -1.4932e-05
1.8450e+00  9.8312e-02  2.3854e-02  -1.4931e-05
1.8500e+00  9.8281e-02  2.3859e-02  -1.4929e-05
1.8550e+00  9.8252e-02  2.3863e-02  -1.4927e-05
1.8600e+00  9.8224e-02  2.3867e-02  -1.4926e-05
1.8650e+00  9.8199e-02  2.3870e-02  -1.4924e-05
1.8700e+00  9.8176e-02  2.3873e-02  -1.4922e-05
1.8750e+00  9.8156e-02  2.3876e-02  -1.4920e-05
1.8800e+00  9.8136e-02  2.3878e-02  -1.4918e-05
1.8850e+00  9.8118e-02  2.3881e-02  -1.4917e-05
1.8900e+00  9.8099e-02  2.3884e-02  -1.4915e-05
1.8950e+00  9.8080e-02  2.3887e-02  -1.4914e-05
1.9000e+00  9.8059e-02  2.3891e-02  -1.4912e-05
1.9050e+00  9.8037e-02  2.3895e-02  -1.4910e-05
1.9100e+00  9.8014e-02  2.3899e-02  -1.4909e-05
1.9150e+00  9.7989e-02  2.3904e-02  -1.4907e-05
1.9200e+00  9.7964e-02  2.3909e-02  -1.4905e-05
1.9250e+00  9.7938e-02  2.3915e-02  -1.4903e-05
1.9300e+00  9.7913e-02  2.3920e-02  -1.4901e-05
1.9350e+00  9.7888e-02  2.3926e-02  -1.4900e-05
1.9400e+00  9.7864e-02  2.3931e-02  -1.4898e-05
1.9450e+00  9.7841e-02  2.3937e-02  -1.4896e-05
1.9500e+00  9.7818e-02  2.3943e-02  -1.4895e-05
1.9550e+00  9.7794e-02  2.3950e-02  -1.4893e-05
1.9600e+00  9.7770e-02  2.3957e-02  -1.4892e-05
1.9650e+00  9.7744e-02  2.3965e-02  -1.4890e-05
1.9700e+00  9.7717e-02  2.3973e-02  -1.4889e-05
1.9750e+00  9.7688e-02  2.3981e-02  -1.4888e-05
1.9800e+00  9.7657e-02  2.3991e-02  -1.4887e-05
1.9850e+00  9.7625e-02  2.4000e-02  -1.4886e-05
1.9900e+00  9.7591e-02  2.4010e-02  -1.4884e-05
1.9950e+00  9.7557e-02  2.4021e-02  -1.4883e-05
2.0000e+00  9.7523e-02  2.4031e-02  -1.4882e-05
2.0050e+00  9.7488e-02  2.4042e-02  -1.4880e-05
2.0100e+00  9.7454e-02  2.4053e-02  -1.4879e-05
2.0150e+00  9.7420e-02  2.4064e-02  -1.4878e-05
2.0200e+00  9.7387e-02  2.4075e-02  -1.4877e-05
2.0250e+00  9.7353e-02  2.4087e-02  -1.4876e-05
2.0300e+00  9.7318e-02  2.4098e-02  -1.4875e-05
2.0350e+00  9.7283e-02  2.4110e-02  -1.4875e-05
2.0400e+00  9.7247e-02  2.4123e-02  -1.4874e-05
2.0450e+00  9.7210e-02  2.4136e-02  -1.4873e-05
2.0500e+00  9.7171e-02  2.4149e-02  -1.4872e-05
2.0550e+00  9.7132e-02  2.4162e-02  -1.4872e-05
2.0600e+00  9.7093e-02  2.4175e-02  -1.4871e-05
2.0650e+00  9.7053e-02  2.4188e-02  -1.4870e-05
2.0700e+00  9.7014e-02  2.4201e-02  -1.4869e-05
2.0750e+00  9.6976e-02  2.4214e-02  -1.4868e-05
2.0800e+00  9.6938e-02  2.4227e-02  -1.4867e-05
2.0850e+00  9.6901e-02  2.4240e-02  -1.4866e-05
2.0900e+00  9.6865e-02  2.4252e-02  -1.4866e-05
2.0950e+00  9.6830e-02  2.4264e-02  -1.4865e-05
2.1000e+00  9.6796e-02  2.4276e-02  -1.4864e-05
2.1050e+00  9.6761e-02  2.4288e-02  -1.4863e-05
2.1100e+00  9.6727e-02  2.4300e-02  -1.4862e-05
2.1150e+00  9.6693e-02  2.4312e-02  -1.4862e-05
2.1200e+00  9.6660e-02  2.4323e-02  -1.4861e-05
2.1250e+00  9.6627e-02  2.4334e-02  -1.4860e-05
2.1300e+00  9.6594e-02  2.4345e-02  -1.4859e-05
2.1350e+00  9.6563e-02  2.4355e-02  -1.4858e-05
2.1400e+00  9.6532e-02  2.4365e-02  -1.4857e-05
2.1450e+00  9.6504e-02  2.4375e-02  -1.4855e-05
2.1500e+00  9.6477e-02  2.4384e-02  -1.4854e-05
2.1550e+00  9.6451e-02  2.4392e-02  -1.4853e-05
2.1600e+00  9.6428e-02  2.4400e-02  -1.4852e-05
2.1650e+00  9.6406e-02  2.4407e-02  -1.4850e-05
2.1700e+00  9.6385e-02  2.4414e-02  -1.4849e-05
2.1750e+00  9.6366e-02  2.4420e-02  -1.4848e-05
2.1800e+00  9.6348e-02  2.4426e-02  -1.4846e-05
2.1850e+00  9.6331e-02  2.4431e-02  -1.4845e-05
2.1900e+00  9.6316e-02  2.4436e-02  -1.4843e-05
2.1950e+00  9.6301e-02  2.4440e-02  -1.4842e-05
2.2000e+00  9.6288e-02  2.4444e-02  -1.4840e-05
2.2050e+00  9.6276e-02  2.4448e-02  -1.4839e-05
2.2100e+00  9.6266e-02  2.4450e-02  -1.4837e-05
2.2150e+00  9.6258e-02  2.4452e-02  -1.4835e-05
2.2200e+00  9.6251e-02  2.4454e-02  -1.4833e-05
2.2250e+00  9.6247e-02  2.4454e-02  -1.4831e-05
2.2300e+00  9.6245e-02  2.4454e-02  -1.4829e-05
2.2350e+00  9.6244e-02  2.4454e-02  -1.4827e-05
2.2400e+00  9.6245e-02  2.4453e-02  -1.4825e-05
2.2450e+00  9.6247e-02  2.4451e-02  -1.4823e-05
2.2500e+00  9.6251e-02  2.4449e-02  -1.4821e-05
2.2550e+00  9.6255e-02  2.4447e-02  -1.4819e-05
2.2600e+00  9.6261e-02  2.4444e-02  -1.4817e-05
2.2650e+00  9.6268e-02  2.4441e-02  -1.4815e-05
2.2700e+00  9.6276e-02  2.4437e-02  -1.4813e-05
2.2750e+00  9.6285e-02  2.4433e-02  -1.4811e-05
2.2800e+00  9.6295e-02  2.4428e-02  -1.4808e-05
2.2850e+00  9.6307e-02  2.4423e-02  -1.4806e-05
2.2900e+00  9.6320e-02  2.4418e-02  -1.4804e-05
2.2950e+00  9.6334e-02  2.4412e-02  -1.4802e-05
2.3000e+00  9.6350e-02  2.4406e-02  -1.4799e-05
2.3050e+00  9.6366e-02  2.4399e-02  -1.4797e-05
2.3100e+00  9.6384e-02  2.4393e-02  -1.4795e-05
2.3150e+00  9.6402e-02  2.4386e-02  -1.4793e-05
2.3200e+00  9.6420e-02  2.4379e-02  -1.4790e-05
2.3250e+00  9.6439e-02  2.4372e-02  -1.4788e-05
2.3300e+00  9.6458e-02  2.4365e-02  -1.4786e-05
2.3350e+00  9.6478e-02  2.4358e-02  -1.4784e-05
2.3400e+00  9.6497e-02  2.4350e-02  -1.4782e-05
2.3450e+00  9.6517e-02  2.4343e-02  -1.4780e-05
2.3500e+00  9.6537e-02  2.4335e-02  -1.4778e-05
2.3550e+00  9.6557e-02  2.4328e-02  -1.4775e-05
2.3600e+00  9.6577e-02  2.4320e-02  -1.4773e-05
2.3650e+00  9.6598e-02  2.4313e-02  -1.4771e-05
2.3700e+00  9.6618e-02  2.4305e-02  -1.4769e-05
2.3750e+00  9.6639e-02  2.4298e-02  -1.4768e-05
2.3800e+00  9.6659e-02  2.4290e-02  -1.4766e-05
2.3850e+00  9.6678e-02  2.4283e-02  -1.4764e-05
2.3900e+00  9.6697e-02  2.4276e-02  -1.4762e-05
2.3950e+00  9.6716e-02  2.4270e-02  -1.4761e-05
2.4000e+00  9.6733e-02  2.4263e-02  -1.4759e-05
2.4050e+00  9.6750e-02  2.4257e-02  -1.4757e-05
2.4100e+00  9.6766e-02  2.4251e-02  -1.4756e-05
2.4150e+00  9.6781e-02  2.4245e-02  -1.4755e-05
2.4200e+00  9.6795e-02  2.4240e-02  -1.4753e-05
2.4250e+00  9.6808e-02  2.4235e-02  -1.4752e-05
2.4300e+00  9.6821e-02  2.4230e-02  -1.4751e-05
2.4350e+00  9.6832e-02  2.4226e-02  -1.4750e-05
2.4400e+00  9.6843e-02  2.4221e-02  -1.4748e-05
2.4450e+00  9.6852e-02  2.4218e-02  -1.4747e-05
2.4500e+00  9.6861e-02  2.4214e-02  -1.4747e-05
2.4550e+00  9.6868e-02  2.4212e-02  -1.4746e-05
2.4600e+00  9.6874e-02  2.4209e-02  -1.4745e-05
2.4650e+00  9.6878e-02  2.4207e-02  -1.4744e-05
2.4700e+00  9.6881e-02  2.4206e-02  -1.4744e-05
2.4750e+00  9.6883e-02  2.4205e-02  -1.4743e-05
2.4800e+00  9.6883e-02  2.4204e-02  -1.4743e-05
2.4850e+00  9.6882e-02  2.4205e-02  -1.4743e-05
2.4900e+00  9.6880e-02  2.4205e-02  -1.4742e-05
2.4950e+00  9.6876e-02  2.4206e-02  -1.4742e-05
2.5000e+00  9.6871e-02  2.4208e-02  -1.4742e-05
2.5050e+00  9.6865e-02  2.4210e-02  -1.4742e-05
2.5100e+00  9.6858e-02  2.4212e-02  -1.4742e-05
2.5150e+00  9.6849e-02  2.4215e-02  -1.4742e-05
2.5200e+00  9.6839e-02  2.4218e-02  -1.4742e-05
2.5250e+00  9.6828e-02  2.4222e-02  -1.4743e-05
2.5300e+00  9.6816e-02  2.4226e-02  -1.4743e-05
2.5350e+00  9.6803e-02  2.4231e-02  -1.4743e-05
2.5400e+00  9.6789e-02  2.4236e-02  -1.4744e-05
2.5450e+00  9.6773e-02  2.4241e-02  -1.4744e-05
2.5500e+00  9.6756e-02  2.4247e-02  -1.4745e-05
2.5550e+00  9.6738e-02  2.4253e-02  -1.4745e-05
2.5600e+00  9.6720e-02  2.4259e-02  -1.4746e-05
2.5650e+00  9.6700e-02  2.4266e-02  -1.4746e-05
2.5700e+00  9.6680e-02  2.4272e-02  -1.4747e-05
2.5750e+00  9.6659e-02  2.4279e-02  -1.4748e-05
2.5800e+00  9.6638e-02  2.4286e-02  -1.4748e-05
2.5850e+00  9.6616e-02  2.4294e-02  -1.4749e-05
2.5900e+00  9.6593e-02  2.4301e-02  -1.4750e-05
2.5950e+00  9.6571e-02  2.4308e-02  -1.4751e-05
2.6000e+00  9.6547e-02  2.4315e-02  -1.4752e-05
2.6050e+00  9.6524e-02  2.4323e-02  -1.4752e-05
2.6100e+00  9.6500e-02  2.4330e-02  -1.4753e-05
2.6150e+00  9.6476e-02  2.4337e-02  -1.4754e-05
2.6200e+00  9.6451e-02  2.4344e-02  -1.4755e-05
2.6250e+00  9.6427e-02  2.4351e-02  -1.4756e-05
2.6300e+00  9.6403e-02  2.4357e-02  -1.4757e-05
2.6350e+00  9.6378e-02  2.4364e-02  -1.4757e-05
2.6400e+00  9.6355e-02  2.4370e-02  -1.4758e-05
2.6450e+00  9.6331e-02  2.4375e-02  -1.4759e-05
2.6500e+00  9.6308e-02  2.4380e-02  -1.4760e-05
2.6550e+00  9.6285e-02  2.4385e-02  -1.4760e-05
2.6600e+00  9.6263e-02  2.4389e-02  -1.4761e-05
2.6650e+00  9.6241e-02  2.4393e-02  -1.4762e-05
2.6700e+00  9.6220e-02  2.4396e-02  -1.4762e-05
2.6750e+00  9.6200e-02  2.4398e-02  -1.4763e-05
2.6800e+00  9.6180e-02  2.4400e-02  -1.4764e-05
2.6850e+00  9.6161e-02  2.4401e-02  -1.4764e-05
2.6900e+00  9.6143e-02  2.4401e-02  -1.4765e-05
2.6950e+00  9.6125e-02  2.4400e-02  -1.4765e-05
2.7000e+00  9.6109e-02  2.4399e-02  -1.4766e-05
2.7050e+00  9.6093e-02  2.4396e-02  -1.4766e-05
2.7100e+00  9.6079e-02  2.4393e-02  -1.4766e-05
2.7150e+00  9.6065e-02  2.4388e-02  -1.4766e-05
2.7200e+00  9.6053e-02  2.4382e-02  -1.4767e-05
2.7250e+00  9.6041e-02  2.4375e-02  -1.4767e-05
2.7300e+00  9.6031e-02  2.4367e-02  -1.4767e-05
2.7350e+00  9.6022e-02  2.4358e-02  -1.4767e-05
2.7400e+00  9.6014e-02  2.4347e-02  -1.4767e-05
2.7450e+00  9.6007e-02  2.4335e-02  -1.4767e-05
2.7500e+00  9.6001e-02  2.4322e-02  -1.4767e-05
2.7550e+00  9.5996e-02  2.4307e-02  -1.4767e-05
2.7600e+00  9.5992e-02  2.4292e-02  -1.4767e-05
2.7650e+00  9.5990e-02  2.4274e-02  -1.4767e-05
2.7700e+00  9.5988e-02  2.4255e-02  -1.4767e-05
2.7750e+00  9.5987e-02  2.4235e-02  -1.4767e-05
2.7800e+00  9.5987e-02  2.4213e-02  -1.4767e-05
2.7850e+00  9.5989e-02  2.4190e-02  -1.4766e-05
2.7900e+00  9.5991e-02  2.4165e-02  -1.4766e-05
2.7950e+00  9.5994e-02  2.4138e-02  -1.4766e-05
2.8000e+00  9.5999e-02  2.4110e-02  -1.4765e-05
2.8050e+00  9.6004e-02  2.4080e-02  -1.4765e-05
2.8100e+00  9.6009e-02  2.4049e-02  -1.4765e-05
2.8150e+00  9.6016e-02  2.4015e-02  -1.4764e-05
2.8200e+00  9.6023e-02  2.3981e-02  -1.4764e-05
2.8250e+00  9.6031e-02  2.3945e-02  -1.4763e-05
2.8300e+00  9.6040e-02  2.3907e-02  -1.4763e-05
2.8350e+00  9.6049e-02  2.3868e-02  -1.4763e-05
2.8400e+00  9.6058e-02  2.3828e-02  -1.4762e-05
2.8450e+00  9.6068e-02  2.3786e-02  -1.4762e-05
2.8500e+00  9.6079e-02  2.3744e-02  -1.4761e-05
2.8550e+00  9.6090e-02  2.3700e-02  -1.4761e-05
2.8600e+00  9.6101e-02  2.3656e-02  -1.4760e-05
2.8650e+00  9.6112e-02  2.3611e-02  -1.4760e-05
2.8700e+00  9.6123e-02  2.3565e-02  -1.4760e-05
2.8750e+00  9.6135e-02  2.3520e-02  -1.4759e-05
2.8800e+00  9.6147e-02  2.3474e-02  -1.4759e-05
2.8850e+00  9.6158e-02  2.3428e-02  -1.4758e-05
2.8900e+00  9.6170e-02  2.3383e-02  -1.4758e-05
2.8950e+00  9.6181e-02  2.3338e-02  -1.4758e-05
2.9000e+00  9.6192e-02  2.3294e-02  -1.4758e-05
2.9050e+00  9.6203e-02  2.3251e-02  -1.4757e-05
2.9100e+00  9.6214e-02  2.3209e-02  -1.4757e-05
2.9150e+00  9.6224e-02  2.3169e-02  -1.4757e-05
2.9200e+00  9.6234e-02  2.3130e-02  -1.4757e-05
2.9250e+00  9.6243e-02  2.3092e-02  -1.4756e-05
2.9300e+00  9.6253e-02  2.3057e-02  -1.4756e-05
2.9350e+00  9.6261e-02  2.3023e-02  -1.4756e-05
2.9400e+00  9.6269e-02  2.2992e-02  -1.4756e-05
2.9450e+00  9.6277e-02  2.2963e-02  -1.4756e-05
2.9500e+00  9.6283e-02  2.2937e-02  -1.4756e-05
2.9550e+00  9.6290e-02  2.2913e-02  -1.4756e-05
2.9600e+00  9.6295e-02  2.2892e-02  -1.4756e-05
2.9650e+00  9.6300e-02  2.2874e-02  -1.4756e-05
2.9700e+00  9.6304e-02  2.2858e-02  -1.4756e-05
2.9750e+00  9.6307e-02  2.2845e-02  -1.4756e-05
2.9800e+00  9.6310e-02  2.2835e-02  -1.4756e-05
2.9850e+00  9.6312e-02  2.2828e-02  -1.4757e-05
2.9900e+00  9.6313e-02  2.2823e-02  -1.4757e-05
2.9950e+00  9.6313e-02  2.2820e-02  -1.4757e-05
3.0000e+00  9.6312e-02  2.2821e-02  -1.4757e-05
3.0050e+00  9.6311e-02  2.2823e-02  -1.4758e-05
3.0100e+00  9.6309e-02  2.2828e-02  -1.4758e-05
3.0150e+00  9.6306e-02  2.2836e-02  -1.4758e-05
3.0200e+00  9.6302e-02  2.2845e-02  -1.4759e-05
3.0250e+00  9.6298e-02  2.2856e-02  -1.4759e-05
3.0300e+00  9.6293e-02  2.2869e-02  -1.4760e-05
3.0350e+00  9.6287e-02  2.2883e-02  -1.4760e-05
3.0400e+00  9.6280e-02  2.2899e-02  -1.4761e-05
3.0450e+00  9.6273e-02  2.2916e-02  -1.4761e-05
3.0500e+00  9.6264e-02  2.2934e-02  -1.4762e-05
3.0550e+00  9.6256e-02  2.2953e-02  -1.4762e-05
3.0600e+00  9.6246e-02  2.2972e-02  -1.4763e-05
3.0650e+00  9.6236e-02  2.2992e-02  -1.4763e-05
3.0700e+00  9.6226e-02  2.3012e-02  -1.4764e-05
3.0750e+00  9.6215e-02  2.3032e-02  -1.4765e-05
3.0800e+00  9.6204e-02  2.3052e-02  -1.4765e-05
3.0850e+00  9.6192e-02  2.3072e-02  -1.4766e-05
3.0900e+00  9.6179e-02  2.3092e-02  -1.4767e-05
3.0950e+00  9.6167e-02  2.3111e-02  -1.4767e-05
3.1000e+00  9.6154e-02  2.3129e-02  -1.4768e-05
3.1050e+00  9.6140e-02  2.3147e-02  -1.4769e-05
3.1100e+00  9.6127e-02  2.3164e-02  -1.4769e-05
3.1150e+00  9.6113e-02  2.3179e-02  -1.4770e-05
3.1200e+00  9.6099e-02  2.3194e-02  -1.4771e-05
3.1250e+00  9.6084e-02  2.3208e-02  -1.4771e-05
3.1300e+00  9.6070e-02  2.3221e-02  -1.4772e-05
3.1350e+00  9.6056e-02  2.3232e-02  -1.4773e-05
3.1400e+00  9.6042e-02  2.3242e-02  -1.4773e-05
3.1450e+00  9.6028e-02  2.3251e-02  -1.4774e-05
3.1500e+00  9.6013e-02  2.3258e-02  -1.4774e-05
3.1550e+00  9.5999e-02  2.3264e-02  -1.4775e-05
3.1600e+00  9.5986e-02  2.3268e-02  -1.4775e-05
3.1650e+00  9.5972e-02  2.3271e-02  -1.4776e-05
3.1700e+00  9.5959e-02  2.3273e-02  -1.4777e-05
3.1750e+00  9.5946e-02  2.3272e-02  -1.4777e-05
3.1800e+00  9.5933e-02  2.3270e-02  -1.4778e-05
3.1850e+00  9.5920e-02  2.3267e-02  -1.4778e-05
3.1900e+00  9.5908e-02  2.3262e-02  -1.4778e-05
3.1950e+00  9.5897e-02  2.3255e-02  -1.4779e-05
3.2000e+00  9.5886e-02  2.3246e-02  -1.4779e-05
3.2050e+00  9.5875e-02  2.3236e-02  -1.4780e-05
3.2100e+00  9.5865e-02  2.3223e-02  -1.4780e-05
3.2150e+00  9.5856e-02  2.3209e-02  -1.4780e-05
3.2200e+00  9.5847e-02  2.3194e-02  -1.4780e-05
3.2250e+00  9.5839e-02  2.3176e-02  -1.4781e-05
3.2300e+00  9.5831e-02  2.3157e-02  -1.4781e-05
3.2350e+00  9.5824e-02  2.3135e-02  -1.4781e-05
3.2400e+00  9.5818e-02  2.3112e-02  -1.4781e-05
3.2450e+00  9.5812e-02  2.3087e-02  -1.4781e-05
3.2500e+00  9.5807e-02  2.3061e-02  -1.4781e-05
3.2550e+00  9.5803e-02  2.3032e-02  -1.4781e-05
3.2600e+00  9.5799e-02  2.3002e-02  -1.4781e-05
3.2650e+00  9.5796e-02  2.2970e-02  -1.4781e-05
3.2700e+00  9.5794e-02  2.2937e-02  -1.4781e-05
3.2750e+00  9.5793e-02  2.2901e-02  -1.4781e-05
3.2800e+00  9.5792e-02  2.2864e-02  -1.4781e-05
3.2850e+00  9.5792e-02  2.2825e-02  -1.4781e-05
3.2900e+00  9.5793e-02  2.2785e-02  -1.4781e-05
3.2950e+00  9.5794e-02  2.2743e-02  -1.4781e-05
3.3000e+00  9.5796e-02  2.2700e-02  -1.4781e-05
3.3050e+00  9.5799e-02  2.2655e-02  -1.4780e-05
3.3100e+00  9.5802e-02  2.2609e-02  -1.4780e-05
3.3150e+00  9.5807e-02  2.2561e-02  -1.4780e-05
3.3200e+00  9.5811e-02  2.2513e-02  -1.4780e-05
3.3250e+00  9.5817e-02  2.2462e-02  -1.4779e-05
3.3300e+00  9.5822e-02  2.2411e-02  -1.4779e-05
3.3350e+00  9.5829e-02  2.2358e-02  -1.4779e-05
3.3400e+00  9.5836e-02  2.2304e-02  -1.4779e-05
3.3450e+00  9.5843e-02  2.2249e-02  -1.4778e-05
3.3500e+00  9.5851e-02  2.2193e-02  -1.4778e-05
3.3550e+00  9.5859e-02  2.2135e-02  -1.4778e-05
3.3600e+00  9.5868e-02  2.2077e-02  -1.4777e-05
3.3650e+00  9.5877e-02  2.2018e-02  -1.4777e-05
3.3700e+00  9.5886e-02  2.1957e-02  -1.4777e-05
3.3750e+00  9.5896e-02  2.1895e-02  -1.4776e-05
3.3800e+00  9.5905e-02  2.1833e-02  -1.4776e-05
3.3850e+00  9.5915e-02  2.1769e-02  -1.4776e-05
3.3900e+00  9.5926e-02  2.1705e-02  -1.4776e-05
3.3950e+00  9.5936e-02  2.1639e-02  -1.4775e-05
3.4000e+00  9.5946e-02  2.1573e-02  -1.4775e-05
3.4050e+00  9.5956e-02  2.1506e-02  -1.4775e-05
3.4100e+00  9.5967e-02  2.1437e-02  -1.4775e-05
3.4150e+00  9.5977e-02  2.1368e-02  -1.4775e-05
3.4200e+00  9.5987e-02  2.1298e-02  -1.4774e-05
3.4250e+00  9.5997e-02  2.1227e-02  -1.4774e-05
3.4300e+00  9.6007e-02  2.1155e-02  -1.4774e-05
3.4350e+00  9.6017e-02  2.1082e-02  -1.4774e-05
3.4400e+00  9.6026e-02  2.1008e-02  -1.4774e-05
3.4450e+00  9.6035e-02  2.0933e-02  -1.4774e-05
3.4500e+00  9.6044e-02  2.0858e-02  -1.4774e-05
3.4550e+00  9.6053e-02  2.0782e-02  -1.4774e-05
3.4600e+00  9.6061e-02  2.0705e-02  -1.4774e-05
3.4650e+00  9.6069e-02  2.0627e-02  -1.4774e-05
3.4700e+00  9.6076e-02  2.0549e-02  -1.4774e-05
3.4750e+00  9.6083e-02  2.0469e-02  -1.4775e-05
3.4800e+00  9.6089e-02  2.0390e-02  -1.4775e-05
3.4850e+00  9.6095e-02  2.0310e-02  -1.4775e-05
3.4900e+00  9.6101e-02  2.0229e-02  -1.4775e-05
3.4950e+00  9.6106e-02  2.0149e-02  -1.4775e-05
3.5000e+00  9.6110e-02  2.0068e-02  -1.4776e-05
3.5050e+00  9.6114e-02  1.9987e-02  -1.4776e-05
3.5100e+00  9.6117e-02  1.9905e-02  -1.4776e-05
3.5150e+00  9.6120e-02  1.9824e-02  -1.4777e-05
3.5200e+00  9.6122e-02  1.9744e-02  -1.4777e-05
3.5250e+00  9.6124e-02  1.9663e-02  -1.4778e-05
3.5300e+00  9.6125e-02  1.9583e-02  -1.4778e-05
3.5350e+00  9.6126e-02  1.9504e-02  -1.4779e-05
3.5400e+00  9.6126e-02  1.9425e-02  -1.4779e-05
3.5450e+00  9.6126e-02  1.9347e-02  -1.4780e-05
3.5500e+00  9.6125e-02  1.9270e-02  -1.4780e-05
3.5550e+00  9.6124e-02  1.9194e-02  -1.4781e-05
3.5600e+00  9.6122e-02  1.9119e-02  -1.4781e-05
3.5650e+00  9.6119e-02  1.9046e-02  -1.4782e-05
3.5700e+00  9.6117e-02  1.8973e-02  -1.4782e-05
3.5750e+00  9.6113e-02  1.8902e-02  -1.4783e-05
3.5800e+00  9.6110e-02  1.8832e-02  -1.4784e-05
3.5850e+00  9.6106e-02  1.8763e-02  -1.4784e-05
3.5900e+00  9.6102e-02  1.8696e-02  -1.4785e-05
3.5950e+00  9.6097e-02  1.8630e-02  -1.4785e-05
3.6000e+00  9.6092e-02  1.8566e-02  -1.4786e-05
3.6050e+00  9.6087e-02  1.8503e-02  -1.4787e-05
3.6100e+00  9.6081e-02  1.8441e-02  -1.4787e-05
3.6150e+00  9.6075e-02  1.8381e-02  -1.4788e-05
3.6200e+00  9.6069e-02  1.8322e-02  -1.4788e-05
3.6250e+00  9.6063e-02  1.8265e-02  -1.4789e-05
3.6300e+00  9.6057e-02  1.8209e-02  -1.4790e-05
3.6350e+00  9.6050e-02  1.8154e-02  -1.4790e-05
3.6400e+00  9.6044e-02  1.8101e-02  -1.4791e-05
3.6450e+00  9.6037e-02  1.8048e-02  -1.4791e-05
3.6500e+00  9.6031e-02  1.7997e-02  -1.4792e-05
3.6550e+00  9.6024e-02  1.7947e-02  -1.4792e-05
3.6600e+00  9.6017e-02  1.7899e-02  -1.4793e-05
3.6650e+00  9.6011e-02  1.7851e-02  -1.4793e-05
3.6700e+00  9.6004e-02  1.7804e-02  -1.4794e-05
3.6750e+00  9.5998e-02  1.7759e-02  -1.4794e-05
3.6800e+00  9.5992e-02  1.7714e-02  -1.4795e-05
3.6850e+00  9.5986e-02  1.7671e-02  -1.4795e-05
3.6900e+00  9.5979e-02  1.7629e-02  -1.4795e-05
3.6950e+00  9.5974e-02  1.7588e-02  -1.4796e-05
3.7000e+00  9.5968e-02  1.7547e-02  -1.4796e-05
3.7050e+00  9.5963e-02  1.7508e-02  -1.4796e-05
3.7100e+00  9.5957e-02  1.7470e-02  -1.4797e-05
3.7150e+00  9.5952e-02  1.7433e-02  -1.4797e-05
3.7200e+00  9.5948e-02  1.7397e-02  -1.4797e-05
3.7250e+00  9.5943e-02  1.7361e-02  -1.4797e-05
3.7300e+00  9.5939e-02  1.7327e-02  -1.4798e-05
3.7350e+00  9.5936e-02  1.7294e-02  -1.4798e-05
3.7400e+00  9.5932e-02  1.7262e-02  -1.4798e-05
3.7450e+00  9.5929e-02  1.7231e-02  -1.4798e-05
3.7500e+00  9.5926e-02  1.7200e-02  -1.4798e-05
3.7550e+00  9.5924e-02  1.7171e-02  -1.4798e-05
3.7600e+00  9.5921e-02  1.7143e-02  -1.4798e-05
3.7650e+00  9.5920e-02  1.7115e-02  -1.4798e-05
3.7700e+00  9.5918e-02  1.7088e-02  -1.4798e-05
3.7750e+00  9.5917e-02  1.7063e-02  -1.4798e-05
3.7800e+00  9.5916e-02  1.7038e-02  -1.4798e-05
3.7850e+00  9.5916e-02  1.7014e-02  -1.4798e-05
3.7900e+00  9.5916e-02  1.6990e-02  -1.4798e-05
3.7950e+00  9.5916e-02  1.6967e-02  -1.4798e-05
3.8000e+00  9.5917e-02  1.6945e-02  -1.4798e-05
3.8050e+00  9.5918e-02  1.6924e-02  -1.4798e-05
3.8100e+00  9.5919e-02  1.6903e-02  -1.4798e-05
3.8150e+00  9.5920e-02  1.6882e-02  -1.4798e-05
3.8200e+00  9.5922e-02  1.6862e-02  -1.4797e-05
3.8250e+00  9.5925e-02  1.6842e-02  -1.4797e-05
3.8300e+00  9.5927e-02  1.6823e-02  -1.4797e-05
3.8350e+00  9.5930e-02  1.6803e-02  -1.4797e-05
3.8400e+00  9.5933e-02  1.6784e-02  -1.4797e-05
3.8450e+00  9.5937e-02  1.6764e-02  -1.4796e-05
3.8500e+00  9.5940e-02  1.6744e-02  -1.4796e-05
3.8550e+00  9.5944e-02  1.6724e-02  -1.4796e-05
3.8600e+00  9.5948e-02  1.6703e-02  -1.4796e-05
3.8650e+00  9.5953e-02  1.6681e-02  -1.4795e-05
3.8700e+00  9.5957e-02  1.6659e-02  -1.4795e-05
3.8750e+00  9.5962e-02  1.6635e-02  -1.4795e-05
3.8800e+00  9.5967e-02  1.6611e-02  -1.4795e-05
3.8850e+00  9.5972e-02  1.6585e-02  -1.4794e-05
3.8900e+00  9.5978e-02  1.6558e-02  -1.4794e-05
3.8950e+00  9.5983e-02  1.6529e-02  -1.4794e-05
3.9000e+00  9.5989e-02  1.6499e-02  -1.4794e-05
3.9050e+00  9.5994e-02  1.6467e-02  -1.4794e-05
3.9100e+00  9.6000e-02  1.6433e-02  -1.4793e-05
3.9150e+00  9.6006e-02  1.6397e-02  -1.4793e-05
3.9200e+00  9.6012e-02  1.6358e-02  -1.4793e-05
3.9250e+00  9.6018e-02  1.6318e-02  -1.4793e-05
3.9300e+00  9.6023e-02  1.6275e-02  -1.4793e-05
3.9350e+00  9.6029e-02  1.6229e-02  -1.4793e-05
3.9400e+00  9.6035e-02  1.6182e-02  -1.4793e-05
3.9450e+00  9.6041e-02  1.6131e-02  -1.4792e-05
3.9500e+00  9.6047e-02  1.6078e-02  -1.4792e-05
3.9550e+00  9.6052e-02  1.6023e-02  -1.4792e-05
3.9600e+00  9.6058e-02  1.5965e-02  -1.4792e-05
3.9650e+00  9.6063e-02  1.5905e-02  -1.4792e-05
3.9700e+00  9.6069e-02  1.5842e-02  -1.4792e-05
3.9750e+00  9.6074e-02  1.5777e-02  -1.4792e-05
3.9800e+00  9.6079e-02  1.5710e-02  -1.4793e-05
3.9850e+00  9.6084e-02  1.5641e-02  -1.4793e-05
3.9900e+00  9.6088e-02  1.5571e-02  -1.4793e-05
3.9950e+00  9.6093e-02  1.5499e-02  -1.4793e-05
4.0000e+00  9.6097e-02  1.5426e-02  -1.4793e-05
4.0050e+00  9.6101e-02  1.5353e-02  -1.4793e-05
4.0100e+00  9.6104e-02  1.5280e-02  -1.4793e-05
4.0150e+00  9.6108e-02  1.5207e-02  -1.4794e-05
4.0200e+00  9.6111e-02  1.5135e-02  -1.4794e-05
4.0250e+00  9.6114e-02  1.5064e-02  -1.4794e-05
4.0300e+00  9.6117e-02  1.4996e-02  -1.4794e-05
4.0350e+00  9.6119e-02  1.4931e-02  -1.4794e-05
4.0400e+00  9.6122e-02  1.4870e-02  -1.4795e-05
4.0450e+00  9.6124e-02  1.4813e-02  -1.4795e-05
4.0500e+00  9.6125e-02  1.4761e-02  -1.4795e-05
4.0550e+00  9.6127e-02  1.4715e-02  -1.4795e-05
4.0600e+00  9.6128e-02  1.4677e-02  -1.4796e-05
4.0650e+00  9.6129e-02  1.4646e-02  -1.4796e-05
4.0700e+00  9.6129e-02  1.4623e-02  -1.4796e-05
4.0750e+00  9.6129e-02  1.4609e-02  -1.4796e-05
4.0800e+00  9.6129e-02  1.4605e-02  -1.4796e-05
4.0850e+00  9.6129e-02  1.4611e-02  -1.4797e-05
4.0900e+00  9.6129e-02  1.4627e-02  -1.4797e-05
4.0950e+00  9.6128e-02  1.4654e-02  -1.4797e-05
4.1000e+00  9.6127e-02  1.4691e-02  -1.4797e-05
4.1050e+00  9.6126e-02  1.4739e-02  -1.4797e-05
4.1100e+00  9.6124e-02  1.4798e-02  -1.4797e-05
4.1150e+00  9.6123e-02  1.4867e-02  -1.4797e-05
4.1200e+00  9.6121e-02  1.4947e-02  -1.4797e-05
4.1250e+00  9.6119e-02  1.5037e-02  -1.4797e-05
4.1300e+00  9.6117e-02  1.5136e-02  -1.4797e-05
4.1350e+00  9.6115e-02  1.5245e-02  -1.4797e-05
4.1400e+00  9.6112e-02  1.5362e-02  -1.4797e-05
4.1450e+00  9.6110e-02  1.5487e-02  -1.4797e-05
4.1500e+00  9.6107e-02  1.5619e-02  -1.4796e-05
4.1550e+00  9.6105e-02  1.5759e-02  -1.4796e-05
4.1600e+00  9.6102e-02  1.5904e-02  -1.4796e-05
4.1650e+00  9.6099e-02  1.6055e-02  -1.4796e-05
4.1700e+00  9.6096e-02  1.6210e-02  -1.4795e-05
4.1750e+00  9.6093e-02  1.6369e-02  -1.4795e-05
4.1800e+00  9.6090e-02  1.6532e-02  -1.4795e-05
4.1850e+00  9.6087e-02  1.6697e-02  -1.4795e-05
4.1900e+00  9.6085e-02  1.6865e-02  -1.4794e-05
4.1950e+00  9.6082e-02  1.7034e-02  -1.4794e-05
4.2000e+00  9.6079e-02  1.7203e-02  -1.4794e-05
4.2050e+00  9.6076e-02  1.7373e-02  -1.4793e-05
4.2100e+00  9.6073e-02  1.7543e-02  -1.4793e-05
4.2150e+00  9.6071e-02  1.7712e-02  -1.4793e-05
4.2200e+00  9.6068e-02  1.7880e-02  -1.4792e-05
4.2250e+00  9.6065e-02  1.8046e-02  -1.4792e-05
4.2300e+00  9.6063e-02  1.8211e-02  -1.4792e-05
4.2350e+00  9.6061e-02  1.8374e-02  -1.4791e-05
4.2400e+00  9.6059e-02  1.8534e-02  -1.4791e-05
4.2450e+00  9.6056e-02  1.8691e-02  -1.4790e-05
4.2500e+00  9.6055e-02  1.8845e-02  -1.4790e-05
4.2550e+00  9.6053e-02  1.8997e-02  -1.4790e-05
4.2600e+00  9.6051e-02  1.9145e-02  -1.4789e-05
4.2650e+00  9.6050e-02  1.9290e-02  -1.4789e-05
4.2700e+00  9.6048e-02  1.9431e-02  -1.4788e-05
4.2750e+00  9.6047e-02  1.9569e-02  -1.4788e-05
4.2800e+00  9.6046e-02  1.9703e-02  -1.4788e-05
4.2850e+00  9.6045e-02  1.9834e-02  -1.4787e-05
4.2900e+00  9.6044e-02  1.9960e-02  -1.4787e-05
4.2950e+00  9.6044e-02  2.0083e-02  -1.4786e-05
4.3000e+00  9.6043e-02  2.0202e-02  -1.4786e-05
4.3050e+00  9.6043e-02  2.0316e-02  -1.4786e-05
4.3100e+00  9.6043e-02  2.0427e-02  -1.4785e-05
4.3150e+00  9.6043e-02  2.0534e-02  -1.4785e-05
4.3200e+00  9.6043e-02  2.0636e-02  -1.4785e-05
4.3250e+00  9.6043e-02  2.0734e-02  -1.4784e-05
4.3300e+00  9.6043e-02  2.0828e-02  -1.4784e-05
4.3350e+00  9.6044e-02  2.0918e-02  -1.4784e-05
4.3400e+00  9.6045e-02  2.1003e-02  -1.4783e-05
4.3450e+00  9.6045e-02  2.1084e-02  -1.4783e-05
4.3500e+00  9.6046e-02  2.1160e-02  -1.4783e-05
4.3550e+00  9.6047e-02  2.1232e-02  -1.4782e-05
4.3600e+00  9.6048e-02  2.1298e-02  -1.4782e-05
4.3650e+00  9.6050e-02  2.1360e-02  -1.4782e-05
4.3700e+00  9.6051e-02  2.1418e-02  -1.4781e-05
4.3750e+00  9.6052e-02  2.1470e-02  -1.4781e-05
4.3800e+00  9.6054e-02  2.1517e-02  -1.4781e-05
4.3850e+00  9.6055e-02  2.1559e-02  -1.4781e-05
4.3900e+00  9.6057e-02  2.1596e-02  -1.4780e-05
4.3950e+00  9.6058e-02  2.1628e-02  -1.4780e-05
4.4000e+00  9.6060e-02  2.1654e-02  -1.4780e-05
4.4050e+00  9.6062e-02  2.1675e-02  -1.4780e-05
4.4100e+00  9.6063e-02  2.1690e-02  -1.4779e-05
4.4150e+00  9.6065e-02  2.1700e-02  -1.4779e-05
4.4200e+00  9.6067e-02  2.1704e-02  -1.4779e-05
4.4250e+00  9.6069e-02  2.1702e-02  -1.4779e-05
4.4300e+00  9.6071e-02  2.1695e-02  -1.4779e-05
4.4350e+00  9.6073e-02  2.1682e-02  -1.4779e-05
4.4400e+00  9.6074e-02  2.1663e-02  -1.4779e-05
4.4450e+00  9.6076e-02  2.1639e-02  -1.4779e-05
4.4500e+00  9.6078e-02  2.1608e-02  -1.4779e-05
4.4550e+00  9.6080e-02  2.1571e-02  -1.4779e-05
4.4600e+00  9.6082e-02  2.1528e-02  -1.4779e-05
4.4650e+00  9.6084e-02  2.1480e-02  -1.4779e-05
4.4700e+00  9.6086e-02  2.1424e-02  -1.4779e-05
4.4750e+00  9.6087e-02  2.1363e-02  -1.4779e-05
4.4800e+00  9.6089e-02  2.1295e-02  -1.4779e-05
4.4850e+00  9.6091e-02  2.1221e-02  -1.4779e-05
4.4900e+00  9.6093e-02  2.1140e-02  -1.4779e-05
4.4950e+00  9.6094e-02  2.1053e-02  -1.4780e-05
4.5000e+00  9.6096e-02  2.0959e-02  -1.4780e-05
4.5050e+00  9.6097e-02  2.0858e-02  -1.4780e-05
4.5100e+00  9.6099e-02  2.0751e-02  -1.4780e-05
4.5150e+00  9.6100e-02  2.0637e-02  -1.4781e-05
4.5200e+00  9.6102e-02  2.0516e-02  -1.4781e-05
4.5250e+00  9.6103e-02  2.0389e-02  -1.4781e-05
4.5300e+00  9.6104e-02  2.0256e-02  -1.4782e-05
4.5350e+00  9.6106e-02  2.0116e-02  -1.4782e-05
4.5400e+00  9.6107e-02  1.9971e-02  -1.4782e-05
4.5450e+00  9.6108e-02  1.9820e-02  -1.4783e-05
4.5500e+00  9.6109e-02  1.9664e-02  -1.4783e-05
4.5550e+00  9.6110e-02  1.9503e-02  -1.4784e-05
4.5600e+00  9.6111e-02  1.9339e-02  -1.4784e-05
4.5650e+00  9.6112e-02  1.9171e-02  -1.4785e-05
4.5700e+00  9.6113e-02  1.9001e-02  -1.4785e-05
4.5750e+00  9.6114e-02  1.8830e-02  -1.4786e-05
4.5800e+00  9.6114e-02  1.8658e-02  -1.4786e-05
4.5850e+00  9.6115e-02  1.8487e-02  -1.4787e-05
4.5900e+00  9.6115e-02  1.8318e-02  -1.4787e-05
4.5950e+00  9.6116e-02  1.8151e-02  -1.4788e-05
4.6000e+00  9.6116e-02  1.7989e-02  -1.4788e-05
4.6050e+00  9.6117e-02  1.7832e-02  -1.4789e-05
4.6100e+00  9.6117e-02  1.7683e-02  -1.4789e-05
4.6150e+00  9.6117e-02  1.7541e-02  -1.4790e-05
4.6200e+00  9.6117e-02  1.7409e-02  -1.4790e-05
4.6250e+00  9.6117e-02  1.7288e-02  -1.4791e-05
4.6300e+00  9.6118e-02  1.7179e-02  -1.4791e-05
4.6350e+00  9.6118e-02  1.7082e-02  -1.4791e-05
4.6400e+00  9.6117e-02  1.6999e-02  -1.4792e-05
4.6450e+00  9.6117e-02  1.6931e-02  -1.4792e-05
4.6500e+00  9.6117e-02  1.6878e-02  -1.4792e-05
4.6550e+00  9.6117e-02  1.6841e-02  -1.4792e-05
4.6600e+00  9.6116e-02  1.6821e-02  -1.4792e-05
4.6650e+00  9.6116e-02  1.6816e-02  -1.4792e-05
4.6700e+00  9.6116e-02  1.6828e-02  -1.4792e-05
4.6750e+00  9.6115e-02  1.6856e-02  -1.4792e-05
4.6800e+00  9.6115e-02  1.6900e-02  -1.4792e-05
4.6850e+00  9.6114e-02  1.6960e-02  -1.4792e-05
4.6900e+00  9.6113e-02  1.7034e-02  -1.4792e-05
4.6950e+00  9.6113e-02  1.7123e-02  -1.4792e-05
4.7000e+00  9.6112e-02  1.7225e-02  -1.4792e-05
4.7050e+00  9.6111e-02  1.7339e-02  -1.4791e-05
4.7100e+00  9.6111e-02  1.7465e-02  -1.4791e-05
4.7150e+00  9.6110e-02  1.7602e-02  -1.4791e-05
4.7200e+00  9.6109e-02  1.7748e-02  -1.4790e-05
4.7250e+00  9.6108e-02  1.7903e-02  -1.4790e-05
4.7300e+00  9.6107e-02  1.8065e-02  -1.4790e-05
4.7350e+00  9.6106e-02  1.8234e-02  -1.4789e-05
4.7400e+00  9.6106e-02  1.8409e-02  -1.4789e-05
4.7450e+00  9.6105e-02  1.8588e-02  -1.4788e-05
4.7500e+00  9.6104e-02  1.8771e-02  -1.4788e-05
4.7550e+00  9.6103e-02  1.8957e-02  -1.4787e-05
4.7600e+00  9.6102e-02  1.9146e-02  -1.4787e-05
4.7650e+00  9.6101e-02  1.9336e-02  -1.4786e-05
4.7700e+00  9.6100e-02  1.9526e-02  -1.4786e-05
4.7750e+00  9.6100e-02  1.9717e-02  -1.4785e-05
4.7800e+00  9.6099e-02  1.9907e-02  -1.4784e-05
4.7850e+00  9.6098e-02  2.0096e-02  -1.4784e-05
4.7900e+00  9.6097e-02  2.0283e-02  -1.4783e-05
4.7950e+00  9.6096e-02  2.0468e-02  -1.4783e-05
4.8000e+00  9.6096e-02  2.0650e-02  -1.4782e-05
4.8050e+00  9.6095e-02  2.0830e-02  -1.4782e-05
4.8100e+00  9.6094e-02  2.1005e-02  -1.4781e-05
4.8150e+00  9.6093e-02  2.1177e-02  -1.4781e-05
4.8200e+00  9.6093e-02  2.1345e-02  -1.4780e-05
4.8250e+00  9.6092e-02  2.1508e-02  -1.4780e-05
4.8300e+00  9.6092e-02  2.1667e-02  -1.4779e-05
4.8350e+00  9.6091e-02  2.1821e-02  -1.4779e-05
4.8400e+00  9.6091e-02  2.1969e-02  -1.4779e-05
4.8450e+00  9.6090e-02  2.2112e-02  -1.4778e-05
4.8500e+00  9.6090e-02  2.2250e-02  -1.4778e-05
4.8550e+00  9.6089e-02  2.2382e-02  -1.4777e-05
4.8600e+00  9.6089e-02  2.2508e-02  -1.4777e-05
4.8650e+00  9.6088e-02  2.2628e-02  -1.4777e-05
4.8700e+00  9.6088e-02  2.2742e-02  -1.4776e-05
4.8750e+00  9.6088e-02  2.2850e-02  -1.4776e-05
4.8800e+00  9.6088e-02  2.2951e-02  -1.4776e-05
4.8850e+00  9.6087e-02  2.3046e-02  -1.4775e-05
4.8900e+00  9.6087e-02  2.3135e-02  -1.4775e-05
4.8950e+00  9.6087e-02  2.3218e-02  -1.4775e-05
4.9000e+00  9.6087e-02  2.3294e-02  -1.4774e-05
4.9050e+00  9.6087e-02  2.3363e-02  -1.4774e-05
4.9100e+00  9.6087e-02  2.3426e-02  -1.4774e-05
4.9150e+00  9.6086e-02  2.3482e-02  -1.4774e-05
4.9200e+00  9.6086e-02  2.3532e-02  -1.4774e-05
4.9250e+00  9.6086e-02  2.3575e-02  -1.4773e-05
4.9300e+00  9.6086e-02  2.3611e-02  -1.4773e-05
4.9350e+00  9.6086e-02  2.3641e-02  -1.4773e-05
4.9400e+00  9.6086e-02  2.3665e-02  -1.4773e-05
4.9450e+00  9.6086e-02  2.3682e-02  -1.4773e-05
4.9500e+00  9.6087e-02  2.3694e-02  -1.4773e-05
4.9550e+00  9.6087e-02  2.3699e-02  -1.4773e-05
4.9600e+00  9.6087e-02  2.3697e-02  -1.4773e-05
4.9650e+00  9.6087e-02  2.3691e-02  -1.4773e-05
4.9700e+00  9.6087e-02  2.3678e-02  -1.4773e-05
4.9750e+00  9.6087e-02  2.3659e-02  -1.4773e-05
4.9800e+00  9.6087e-02  2.3636e-02  -1.4773e-05
4.9850e+00  9.6087e-02  2.3606e-02  -1.4773e-05
4.9900e+00  9.6087e-02  2.3572e-02  -1.4773e-05
4.9950e+00  9.6088e-02  2.3532e-02  -1.4773e-05
5.0000e+00  9.6088e-02  2.3487e-02  -1.4773e-05
5.0050e+00  9.6088e-02  2.3437e-02  -1.4773e-05