Time          F_x          F_y          F_z
0.0000e+00  0.0000e+00  0.0000e+00  0.0000e+00
1.0000e-02  1.7856e+01  1.4534e-03  0.0000e+00
2.0000e-02  -2.6924e+00  -2.8628e-03  0.0000e+00
3.0000e-02  1.7578e+00  -3.1889e-03  0.0000e+00
4.0000e-02  1.5756e+00  -6.6676e-03  0.0000e+00
5.0000e-02  1.4931e+00  -5.7754e-03  0.0000e+00
6.0000e-02  1.5460e+00  -4.2398e-03  0.0000e+00
7.0000e-02  1.6874e+00  -6.2850e-03  0.0000e+00
8.0000e-02  1.8164e+00  -9.0445e-03  0.0000e+00
9.0000e-02  1.8751e+00  -1.0996e-02  0.0000e+00
1.0000e-01  1.8726e+00  -1.0696e-02  0.0000e+00
1.1000e-01  1.8473e+00  -7.1579e-03  0.0000e+00
1.2000e-01  1.8222e+00  -4.2655e-03  0.0000e+00
1.3000e-01  1.8024e+00  -3.8906e-03  0.0000e+00
1.4000e-01  1.7834e+00  -6.4134e-03  0.0000e+00
1.5000e-01  1.7598e+00  -8.7258e-03  0.0000e+00
1.6000e-01  1.7296e+00  -9.6999e-03  0.0000e+00
1.7000e-01  1.6907e+00  -7.7778e-03  0.0000e+00
1.8000e-01  1.6447e+00  -4.7492e-03  0.0000e+00
1.9000e-01  1.5933e+00  -4.0184e-03  0.0000e+00
2.0000e-01  1.5428e+00  -4.4826e-03  0.0000e+00
2.1000e-01  1.4984e+00  -6.0084e-03  0.0000e+00
2.2000e-01  1.4661e+00  -6.2081e-03  0.0000e+00
2.3000e-01  1.4468e+00  -4.1461e-03  0.0000e+00
2.4000e-01  1.4393e+00  -1.1408e-03  0.0000e+00
2.5000e-01  1.4389e+00  1.0386e-03  0.0000e+00
2.6000e-01  1.4411e+00  1.5324e-03  0.0000e+00
2.7000e-01  1.4437e+00  1.4639e-03  0.0000e+00
2.8000e-01  1.4444e+00  1.8728e-03  0.0000e+00
2.9000e-01  1.4438e+00  4.5389e-03  0.0000e+00
3.0000e-01  1.4408e+00  9.0019e-03  0.0000e+00
3.1000e-01  1.4381e+00  1.3841e-02  0.0000e+00
3.2000e-01  1.4344e+00  1.8087e-02  0.0000e+00
3.3000e-01  1.4331e+00  2.1495e-02  0.0000e+00
3.4000e-01  1.4328e+00  2.3971e-02  0.0000e+00
3.5000e-01  1.4374e+00  2.6730e-02  0.0000e+00
3.6000e-01  1.4448e+00  2.8754e-02  0.0000e+00
3.7000e-01  1.4582e+00  3.0291e-02  0.0000e+00
3.8000e-01  1.4746e+00  3.0445e-02  0.0000e+00
3.9000e-01  1.4963e+00  2.9090e-02  0.0000e+00
4.0000e-01  1.5198e+00  2.6012e-02  0.0000e+00
4.1000e-01  1.5462e+00  2.0536e-02  0.0000e+00
4.2000e-01  1.5717e+00  1.6045e-02  0.0000e+00
4.3000e-01  1.5953e+00  1.4892e-02  0.0000e+00
4.4000e-01  1.6131e+00  1.5932e-02  0.0000e+00
4.5000e-01  1.6237e+00  1.3226e-02  0.0000e+00
4.6000e-01  1.6261e+00  7.3131e-03  0.0000e+00
4.7000e-01  1.6217e+00  3.5010e-03  0.0000e+00
4.8000e-01  1.6129e+00  5.0740e-03  0.0000e+00
4.9000e-01  1.6020e+00  1.1042e-02  0.0000e+00
5.0000e-01  1.5916e+00  1.4319e-02  0.0000e+00
5.1000e-01  1.5826e+00  1.0024e-02  0.0000e+00
5.2000e-01  1.5766e+00  -3.8196e-03  0.0000e+00
5.3000e-01  1.5730e+00  -2.3271e-02  0.0000e+00
5.4000e-01  1.5725e+00  -4.7261e-02  0.0000e+00
5.5000e-01  1.5736e+00  -7.8326e-02  0.0000e+00
5.6000e-01  1.5763e+00  -1.2459e-01  0.0000e+00
5.7000e-01  1.5792e+00  -1.9226e-01  0.0000e+00
5.8000e-01  1.5819e+00  -2.8061e-01  0.0000e+00
5.9000e-01  1.5842e+00  -3.7828e-01  0.0000e+00
6.0000e-01  1.5855e+00  -4.7334e-01  0.0000e+00
6.1000e-01  1.5862e+00  -5.6056e-01  0.0000e+00
6.2000e-01  1.5844e+00  -6.4448e-01  0.0000e+00
6.3000e-01  1.5809e+00  -7.3274e-01  0.0000e+00
6.4000e-01  1.5731e+00  -8.3130e-01  0.0000e+00
6.5000e-01  1.5632e+00  -9.4391e-01  0.0000e+00
6.6000e-01  1.5491e+00  -1.0771e+00  0.0000e+00
6.7000e-01  1.5345e+00  -1.2343e+00  0.0000e+00
6.8000e-01  1.5178e+00  -1.4183e+00  0.0000e+00
6.9000e-01  1.5039e+00  -1.6161e+00  0.0000e+00
7.0000e-01  1.4904e+00  -1.8273e+00  0.0000e+00
7.1000e-01  1.4806e+00  -2.0387e+00  0.0000e+00
7.2000e-01  1.4695e+00  -2.2661e+00  0.0000e+00
7.3000e-01  1.4584e+00  -2.5027e+00  0.0000e+00
7.4000e-01  1.4425e+00  -2.7630e+00  0.0000e+00
7.5000e-01  1.4233e+00  -3.0301e+00  0.0000e+00
7.6000e-01  1.3987e+00  -3.3017e+00  0.0000e+00
7.7000e-01  1.3703e+00  -3.5578e+00  0.0000e+00
7.8000e-01  1.3381e+00  -3.7902e+00  0.0000e+00
7.9000e-01  1.3039e+00  -3.9905e+00  0.0000e+00
8.0000e-01  1.2703e+00  -4.1471e+00  0.0000e+00
8.1000e-01  1.2373e+00  -4.2661e+00  0.0000e+00
8.2000e-01  1.2066e+00  -4.3362e+00  0.0000e+00
8.3000e-01  1.1723e+00  -4.3872e+00  0.0000e+00
8.4000e-01  1.1361e+00  -4.4011e+00  0.0000e+00
8.5000e-01  1.0939e+00  -4.4052e+00  0.0000e+00
8.6000e-01  1.0554e+00  -4.3491e+00  0.0000e+00
8.7000e-01  1.0193e+00  -4.2615e+00  0.0000e+00
8.8000e-01  9.9567e-01  -4.0980e+00  0.0000e+00
8.9000e-01  9.7902e-01  -3.9199e+00  0.0000e+00
9.0000e-01  9.7563e-01  -3.7050e+00  0.0000e+00
9.1000e-01  9.7714e-01  -3.5315e+00  0.0000e+00
9.2000e-01  9.8603e-01  -3.3924e+00  0.0000e+00
9.3000e-01  9.9519e-01  -3.3527e+00  0.0000e+00
9.4000e-01  1.0067e+00  -3.3956e+00  0.0000e+00
9.5000e-01  1.0195e+00  -3.5321e+00  0.0000e+00
9.6000e-01  1.0372e+00  -3.7107e+00  0.0000e+00
9.7000e-01  1.0675e+00  -3.8587e+00  0.0000e+00
9.8000e-01  1.1160e+00  -3.8826e+00  0.0000e+00
9.9000e-01  1.1870e+00  -3.7132e+00  0.0000e+00
1.0000e+00  1.2693e+00  -3.3807e+00  0.0000e+00
1.0100e+00  1.3507e+00  -2.9408e+00  0.0000e+00
1.0200e+00  1.4130e+00  -2.4906e+00  0.0000e+00
1.0300e+00  1.4594e+00  -2.0294e+00  0.0000e+00
1.0400e+00  1.4902e+00  -1.5915e+00  0.0000e+00
1.0500e+00  1.5138e+00  -1.1841e+00  0.0000e+00
1.0600e+00  1.5193e+00  -9.3352e-01  0.0000e+00
1.0700e+00  1.5087e+00  -9.1004e-01  0.0000e+00
1.0800e+00  1.4899e+00  -1.1640e+00  0.0000e+00
1.0900e+00  1.4865e+00  -1.6133e+00  0.0000e+00
1.1000e+00  1.5035e+00  -2.1418e+00  0.0000e+00
1.1100e+00  1.5303e+00  -2.6139e+00  0.0000e+00
1.1200e+00  1.5536e+00  -2.9109e+00  0.0000e+00
1.1300e+00  1.5691e+00  -2.9294e+00  0.0000e+00
1.1400e+00  1.5758e+00  -2.6380e+00  0.0000e+00
1.1500e+00  1.5843e+00  -2.0822e+00  0.0000e+00
1.1600e+00  1.6170e+00  -1.2989e+00  0.0000e+00
1.1700e+00  1.6801e+00  -3.5287e-01  0.0000e+00
1.1800e+00  1.7448e+00  5.9249e-01  0.0000e+00
1.1900e+00  1.7755e+00  1.3512e+00  0.0000e+00
1.2000e+00  1.7638e+00  1.7391e+00  0.0000e+00
1.2100e+00  1.7117e+00  1.6912e+00  0.0000e+00
1.2200e+00  1.6422e+00  1.3359e+00  0.0000e+00
1.2300e+00  1.5837e+00  8.2102e-01  0.0000e+00
1.2400e+00  1.5592e+00  2.3518e-01  0.0000e+00
1.2500e+00  1.5742e+00  -4.4961e-01  0.0000e+00
1.2600e+00  1.6113e+00  -1.1185e+00  0.0000e+00
1.2700e+00  1.6386e+00  -1.6584e+00  0.0000e+00
1.2800e+00  1.6370e+00  -1.8674e+00  0.0000e+00
1.2900e+00  1.6078e+00  -1.6841e+00  0.0000e+00
1.3000e+00  1.5737e+00  -1.1393e+00  0.0000e+00
1.3100e+00  1.5776e+00  -3.5589e-01  0.0000e+00
1.3200e+00  1.6331e+00  5.0652e-01  0.0000e+00
1.3300e+00  1.6943e+00  1.2976e+00  0.0000e+00
1.3400e+00  1.7108e+00  1.7728e+00  0.0000e+00
1.3500e+00  1.6819e+00  1.8061e+00  0.0000e+00
1.3600e+00  1.6247e+00  1.5293e+00  0.0000e+00
1.3700e+00  1.5675e+00  1.1298e+00  0.0000e+00
1.3800e+00  1.5282e+00  6.2439e-01  0.0000e+00
1.3900e+00  1.5275e+00  -3.8135e-02  0.0000e+00
1.4000e+00  1.5741e+00  -8.2658e-01  0.0000e+00
1.4100e+00  1.6567e+00  -1.5723e+00  0.0000e+00
1.4200e+00  1.7285e+00  -2.0700e+00  0.0000e+00
1.4300e+00  1.7437e+00  -2.1884e+00  0.0000e+00
1.4400e+00  1.6983e+00  -1.9695e+00  0.0000e+00
1.4500e+00  1.6301e+00  -1.5543e+00  0.0000e+00
1.4600e+00  1.5794e+00  -1.0023e+00  0.0000e+00
1.4700e+00  1.5741e+00  -2.9858e-01  0.0000e+00
1.4800e+00  1.6252e+00  5.3918e-01  0.0000e+00
1.4900e+00  1.7036e+00  1.3350e+00  0.0000e+00
1.5000e+00  1.7507e+00  1.8597e+00  0.0000e+00
1.5100e+00  1.7303e+00  1.9165e+00  0.0000e+00
1.5200e+00  1.6577e+00  1.5574e+00  0.0000e+00
1.5300e+00  1.5755e+00  9.7523e-01  0.0000e+00
1.5400e+00  1.5256e+00  3.0527e-01  0.0000e+00
1.5500e+00  1.5282e+00  -4.4382e-01  0.0000e+00
1.5600e+00  1.5856e+00  -1.2658e+00  0.0000e+00
1.5700e+00  1.6684e+00  -2.0545e+00  0.0000e+00
1.5800e+00  1.7240e+00  -2.5713e+00  0.0000e+00
1.5900e+00  1.7188e+00  -2.6715e+00  0.0000e+00
1.6000e+00  1.6661e+00  -2.3841e+00  0.0000e+00
1.6100e+00  1.6049e+00  -1.8334e+00  0.0000e+00
1.6200e+00  1.5717e+00  -1.1093e+00  0.0000e+00
1.6300e+00  1.5923e+00  -2.7761e-01  0.0000e+00
1.6400e+00  1.6499e+00  5.1761e-01  0.0000e+00
1.6500e+00  1.6920e+00  1.1057e+00  0.0000e+00
1.6600e+00  1.6804e+00  1.3239e+00  0.0000e+00
1.6700e+00  1.6256e+00  1.1807e+00  0.0000e+00
1.6800e+00  1.5595e+00  7.7608e-01  0.0000e+00
1.6900e+00  1.5240e+00  1.7347e-01  0.0000e+00
1.7000e+00  1.5485e+00  -6.1746e-01  0.0000e+00
1.7100e+00  1.6420e+00  -1.4884e+00  0.0000e+00
1.7200e+00  1.7416e+00  -2.1426e+00  0.0000e+00
1.7300e+00  1.7703e+00  -2.3145e+00  0.0000e+00
1.7400e+00  1.7218e+00  -2.0612e+00  0.0000e+00
1.7500e+00  1.6422e+00  -1.5791e+00  0.0000e+00
1.7600e+00  1.5707e+00  -1.0138e+00  0.0000e+00
1.7700e+00  1.5348e+00  -3.7288e-01  0.0000e+00
1.7800e+00  1.5515e+00  4.1285e-01  0.0000e+00
1.7900e+00  1.6296e+00  1.2909e+00  0.0000e+00
1.8000e+00  1.7425e+00  2.0886e+00  0.0000e+00
1.8100e+00  1.8115e+00  2.4765e+00  0.0000e+00
1.8200e+00  1.7895e+00  2.3947e+00  0.0000e+00
1.8300e+00  1.7049e+00  1.9655e+00  0.0000e+00
1.8400e+00  1.6165e+00  1.4233e+00  0.0000e+00
1.8500e+00  1.5577e+00  8.2893e-01  0.0000e+00
1.8600e+00  1.5435e+00  1.6182e-01  0.0000e+00
1.8700e+00  1.5724e+00  -5.7753e-01  0.0000e+00
1.8800e+00  1.6284e+00  -1.3046e+00  0.0000e+00
1.8900e+00  1.6713e+00  -1.7884e+00  0.0000e+00
1.9000e+00  1.6663e+00  -1.8853e+00  0.0000e+00
1.9100e+00  1.6139e+00  -1.5959e+00  0.0000e+00
1.9200e+00  1.5517e+00  -1.0608e+00  0.0000e+00
1.9300e+00  1.5219e+00  -3.8282e-01  0.0000e+00
1.9400e+00  1.5436e+00  3.5274e-01  0.0000e+00
1.9500e+00  1.5971e+00  1.0919e+00  0.0000e+00
1.9600e+00  1.6406e+00  1.6816e+00  0.0000e+00
1.9700e+00  1.6424e+00  1.9175e+00  0.0000e+00
1.9800e+00  1.6023e+00  1.7806e+00  0.0000e+00
1.9900e+00  1.5551e+00  1.3814e+00  0.0000e+00
2.0000e+00  1.5352e+00  7.6995e-01  0.0000e+00
2.0100e+00  1.5763e+00  -4.6615e-02  0.0000e+00
2.0200e+00  1.6756e+00  -9.1478e-01  0.0000e+00
2.0300e+00  1.7623e+00  -1.5090e+00  0.0000e+00
2.0400e+00  1.7650e+00  -1.6260e+00  0.0000e+00
2.0500e+00  1.7001e+00  -1.3519e+00  0.0000e+00
2.0600e+00  1.6136e+00  -8.9559e-01  0.0000e+00
2.0700e+00  1.5472e+00  -3.7470e-01  0.0000e+00
2.0800e+00  1.5229e+00  2.4175e-01  0.0000e+00
2.0900e+00  1.5605e+00  1.0242e+00  0.0000e+00
2.1000e+00  1.6670e+00  1.9318e+00  0.0000e+00
2.1100e+00  1.7996e+00  2.6694e+00  0.0000e+00
2.1200e+00  1.8619e+00  2.9386e+00  0.0000e+00
2.1300e+00  1.8172e+00  2.6750e+00  0.0000e+00
2.1400e+00  1.7191e+00  2.1289e+00  0.0000e+00
2.1500e+00  1.6251e+00  1.4916e+00  0.0000e+00
2.1600e+00  1.5685e+00  8.3124e-01  0.0000e+00
2.1700e+00  1.5572e+00  9.4620e-02  0.0000e+00
2.1800e+00  1.5918e+00  -7.1416e-01  0.0000e+00
2.1900e+00  1.6511e+00  -1.4560e+00  0.0000e+00
2.2000e+00  1.6911e+00  -1.9089e+00  0.0000e+00
2.2100e+00  1.6746e+00  -1.9368e+00  0.0000e+00
2.2200e+00  1.6114e+00  -1.6107e+00  0.0000e+00
2.2300e+00  1.5413e+00  -1.0793e+00  0.0000e+00
2.2400e+00  1.5036e+00  -4.6784e-01  0.0000e+00
2.2500e+00  1.5102e+00  1.7107e-01  0.0000e+00
2.2600e+00  1.5443e+00  8.1966e-01  0.0000e+00
2.2700e+00  1.5789e+00  1.4198e+00  0.0000e+00
2.2800e+00  1.5880e+00  1.7624e+00  0.0000e+00
2.2900e+00  1.5651e+00  1.7511e+00  0.0000e+00
2.3000e+00  1.5361e+00  1.3851e+00  0.0000e+00
2.3100e+00  1.5459e+00  7.2816e-01  0.0000e+00
2.3200e+00  1.6247e+00  -1.1762e-01  0.0000e+00
2.3300e+00  1.7266e+00  -8.4545e-01  0.0000e+00
2.3400e+00  1.7519e+00  -1.1782e+00  0.0000e+00
2.3500e+00  1.7033e+00  -1.0691e+00  0.0000e+00
2.3600e+00  1.6241e+00  -6.8213e-01  0.0000e+00
2.3700e+00  1.5543e+00  -2.5239e-01  0.0000e+00
2.3800e+00  1.5106e+00  1.8432e-01  0.0000e+00
2.3900e+00  1.5088e+00  7.4464e-01  0.0000e+00
2.4000e+00  1.5687e+00  1.5462e+00  0.0000e+00
2.4100e+00  1.7039e+00  2.4777e+00  0.0000e+00
2.4200e+00  1.8587e+00  3.2034e+00  0.0000e+00
2.4300e+00  1.9193e+00  3.3591e+00  0.0000e+00
2.4400e+00  1.8602e+00  2.9775e+00  0.0000e+00
2.4500e+00  1.7513e+00  2.3477e+00  0.0000e+00
2.4600e+00  1.6537e+00  1.7106e+00  0.0000e+00
2.4700e+00  1.5905e+00  1.0685e+00  0.0000e+00
2.4800e+00  1.5684e+00  3.3143e-01  0.0000e+00
2.4900e+00  1.5875e+00  -4.7744e-01  0.0000e+00
2.5000e+00  1.6318e+00  -1.2143e+00  0.0000e+00
2.5100e+00  1.6566e+00  -1.6283e+00  0.0000e+00
2.5200e+00  1.6296e+00  -1.6121e+00  0.0000e+00
2.5300e+00  1.5575e+00  -1.2365e+00  0.0000e+00
2.5400e+00  1.4843e+00  -6.9603e-01  0.0000e+00
2.5500e+00  1.4446e+00  -1.2844e-01  0.0000e+00
2.5600e+00  1.4460e+00  4.0523e-01  0.0000e+00
2.5700e+00  1.4692e+00  9.4548e-01  0.0000e+00
2.5800e+00  1.4944e+00  1.4598e+00  0.0000e+00
2.5900e+00  1.5040e+00  1.8512e+00  0.0000e+00
2.6000e+00  1.5013e+00  1.9546e+00  0.0000e+00
2.6100e+00  1.5143e+00  1.6806e+00  0.0000e+00
2.6200e+00  1.5788e+00  1.0378e+00  0.0000e+00
2.6300e+00  1.6877e+00  3.0847e-01  0.0000e+00
2.6400e+00  1.7316e+00  -1.0520e-01  0.0000e+00
2.6500e+00  1.6828e+00  -1.3221e-01  0.0000e+00
2.6600e+00  1.5995e+00  1.8707e-01  0.0000e+00
2.6700e+00  1.5302e+00  6.0918e-01  0.0000e+00
2.6800e+00  1.4890e+00  9.7730e-01  0.0000e+00
2.6900e+00  1.4850e+00  1.3452e+00  0.0000e+00
2.7000e+00  1.5327e+00  1.9368e+00  0.0000e+00
2.7100e+00  1.6638e+00  2.8219e+00  0.0000e+00
2.7200e+00  1.8650e+00  3.7688e+00  0.0000e+00
2.7300e+00  2.0187e+00  4.2612e+00  0.0000e+00
2.7400e+00  2.0127e+00  4.0187e+00  0.0000e+00
2.7500e+00  1.8986e+00  3.2870e+00  0.0000e+00
2.7600e+00  1.7688e+00  2.5034e+00  0.0000e+00
2.7700e+00  1.6654e+00  1.8452e+00  0.0000e+00
2.7800e+00  1.5921e+00  1.2048e+00  0.0000e+00
2.7900e+00  1.5527e+00  4.6861e-01  0.0000e+00
2.8000e+00  1.5548e+00  -3.7260e-01  0.0000e+00
2.8100e+00  1.5800e+00  -1.0752e+00  0.0000e+00
2.8200e+00  1.5872e+00  -1.4445e+00  0.0000e+00
2.8300e+00  1.5405e+00  -1.3390e+00  0.0000e+00
2.8400e+00  1.4638e+00  -9.5441e-01  0.0000e+00
2.8500e+00  1.3949e+00  -4.5803e-01  0.0000e+00
2.8600e+00  1.3704e+00  -5.6873e-02  0.0000e+00
2.8700e+00  1.3775e+00  2.6116e-01  0.0000e+00
2.8800e+00  1.3975e+00  5.2541e-01  0.0000e+00
2.8900e+00  1.4123e+00  8.4061e-01  0.0000e+00
2.9000e+00  1.4375e+00  1.1125e+00  0.0000e+00
2.9100e+00  1.4893e+00  1.2164e+00  0.0000e+00
2.9200e+00  1.5724e+00  1.0343e+00  0.0000e+00
2.9300e+00  1.6411e+00  7.3337e-01  0.0000e+00
2.9400e+00  1.6421e+00  5.7716e-01  0.0000e+00
2.9500e+00  1.5914e+00  6.8878e-01  0.0000e+00
2.9600e+00  1.5321e+00  1.0561e+00  0.0000e+00
2.9700e+00  1.4914e+00  1.4759e+00  0.0000e+00
2.9800e+00  1.4736e+00  1.8302e+00  0.0000e+00
2.9900e+00  1.4889e+00  2.1500e+00  0.0000e+00
3.0000e+00  1.5641e+00  2.6700e+00  0.0000e+00
3.0100e+00  1.7371e+00  3.4768e+00  0.0000e+00
3.0200e+00  1.9995e+00  4.4175e+00  0.0000e+00
3.0300e+00  2.2296e+00  5.0121e+00  0.0000e+00
3.0400e+00  2.2536e+00  4.8024e+00  0.0000e+00
3.0500e+00  2.0955e+00  3.8886e+00  0.0000e+00
3.0600e+00  1.9074e+00  2.8456e+00  0.0000e+00
3.0700e+00  1.7639e+00  2.0466e+00  0.0000e+00
3.0800e+00  1.6542e+00  1.4288e+00  0.0000e+00
3.0900e+00  1.5704e+00  7.0971e-01  0.0000e+00
3.1000e+00  1.5349e+00  -2.3929e-01  0.0000e+00
3.1100e+00  1.5557e+00  -1.2109e+00  0.0000e+00
3.1200e+00  1.5904e+00  -1.9056e+00  0.0000e+00
3.1300e+00  1.5796e+00  -2.0995e+00  0.0000e+00
3.1400e+00  1.5301e+00  -1.9433e+00  0.0000e+00
3.1500e+00  1.4781e+00  -1.6565e+00  0.0000e+00
3.1600e+00  1.4745e+00  -1.4977e+00  0.0000e+00
3.1700e+00  1.5112e+00  -1.4515e+00  0.0000e+00
3.1800e+00  1.5725e+00  -1.4848e+00  0.0000e+00
3.1900e+00  1.6150e+00  -1.3645e+00  0.0000e+00
3.2000e+00  1.6408e+00  -1.1385e+00  0.0000e+00
3.2100e+00  1.6431e+00  -8.1147e-01  0.0000e+00
3.2200e+00  1.6403e+00  -5.7699e-01  0.0000e+00
3.2300e+00  1.6275e+00  -3.8578e-01  0.0000e+00
3.2400e+00  1.6048e+00  -2.2033e-01  0.0000e+00
3.2500e+00  1.5704e+00  1.0300e-01  0.0000e+00
3.2600e+00  1.5379e+00  4.8688e-01  0.0000e+00
3.2700e+00  1.5058e+00  8.3658e-01  0.0000e+00
3.2800e+00  1.4771e+00  1.1589e+00  0.0000e+00
3.2900e+00  1.4778e+00  1.5158e+00  0.0000e+00
3.3000e+00  1.5400e+00  1.9825e+00  0.0000e+00
3.3100e+00  1.6762e+00  2.5032e+00  0.0000e+00
3.3200e+00  1.8863e+00  3.0816e+00  0.0000e+00
3.3300e+00  2.1219e+00  3.5576e+00  0.0000e+00
3.3400e+00  2.2790e+00  3.7934e+00  0.0000e+00
3.3500e+00  2.2404e+00  3.4659e+00  0.0000e+00
3.3600e+00  2.0251e+00  2.4961e+00  0.0000e+00
3.3700e+00  1.7994e+00  1.2158e+00  0.0000e+00
3.3800e+00  1.6665e+00  1.3558e-01  0.0000e+00
3.3900e+00  1.6114e+00  -7.4620e-01  0.0000e+00
3.4000e+00  1.6239e+00  -1.6837e+00  0.0000e+00
3.4100e+00  1.7183e+00  -2.7337e+00  0.0000e+00
3.4200e+00  1.8562e+00  -3.6279e+00  0.0000e+00
3.4300e+00  1.9395e+00  -4.0458e+00  0.0000e+00
3.4400e+00  1.9412e+00  -3.9976e+00  0.0000e+00
3.4500e+00  1.8930e+00  -3.6325e+00  0.0000e+00
3.4600e+00  1.8696e+00  -3.2782e+00  0.0000e+00
3.4700e+00  1.8724e+00  -2.9894e+00  0.0000e+00
3.4800e+00  1.8834e+00  -2.7994e+00  0.0000e+00
3.4900e+00  1.8475e+00  -2.4462e+00  0.0000e+00
3.5000e+00  1.7702e+00  -1.8759e+00  0.0000e+00
3.5100e+00  1.6907e+00  -1.0331e+00  0.0000e+00
3.5200e+00  1.6488e+00  -2.5227e-01  0.0000e+00
3.5300e+00  1.6254e+00  3.8994e-01  0.0000e+00
3.5400e+00  1.5899e+00  6.6322e-01  0.0000e+00
3.5500e+00  1.5261e+00  8.0130e-01  0.0000e+00
3.5600e+00  1.4555e+00  9.1578e-01  0.0000e+00
3.5700e+00  1.4053e+00  1.1484e+00  0.0000e+00
3.5800e+00  1.3901e+00  1.4115e+00  0.0000e+00
3.5900e+00  1.4005e+00  1.5889e+00  0.0000e+00
3.6000e+00  1.4582e+00  1.7541e+00  0.0000e+00
3.6100e+00  1.5639e+00  1.8919e+00  0.0000e+00
3.6200e+00  1.7612e+00  2.2632e+00  0.0000e+00
3.6300e+00  1.9735e+00  2.6096e+00  0.0000e+00
3.6400e+00  2.0819e+00  2.8348e+00  0.0000e+00
3.6500e+00  1.9843e+00  2.4048e+00  0.0000e+00
3.6600e+00  1.7928e+00  1.4914e+00  0.0000e+00
3.6700e+00  1.6331e+00  2.9402e-01  0.0000e+00
3.6800e+00  1.5664e+00  -5.0293e-01  0.0000e+00
3.6900e+00  1.5323e+00  -9.3167e-01  0.0000e+00
3.7000e+00  1.5045e+00  -1.3040e+00  0.0000e+00
3.7100e+00  1.5105e+00  -1.9286e+00  0.0000e+00
3.7200e+00  1.6121e+00  -2.9008e+00  0.0000e+00
3.7300e+00  1.7596e+00  -3.7218e+00  0.0000e+00
3.7400e+00  1.9259e+00  -4.2519e+00  0.0000e+00
3.7500e+00  2.0475e+00  -4.3091e+00  0.0000e+00
3.7600e+00  2.1843e+00  -4.2866e+00  0.0000e+00
3.7700e+00  2.2787e+00  -4.1703e+00  0.0000e+00
3.7800e+00  2.2991e+00  -4.0772e+00  0.0000e+00
3.7900e+00  2.1424e+00  -3.4615e+00  0.0000e+00
3.8000e+00  1.8911e+00  -2.2510e+00  0.0000e+00
3.8100e+00  1.6970e+00  -6.7775e-01  0.0000e+00
3.8200e+00  1.6330e+00  5.9196e-01  0.0000e+00
3.8300e+00  1.6104e+00  1.2807e+00  0.0000e+00
3.8400e+00  1.5720e+00  1.4564e+00  0.0000e+00
3.8500e+00  1.4978e+00  1.4614e+00  0.0000e+00
3.8600e+00  1.4409e+00  1.4781e+00  0.0000e+00
3.8700e+00  1.3868e+00  1.5283e+00  0.0000e+00
3.8800e+00  1.3678e+00  1.5064e+00  0.0000e+00
3.8900e+00  1.3551e+00  1.4510e+00  0.0000e+00
3.9000e+00  1.3868e+00  1.2810e+00  0.0000e+00
3.9100e+00  1.4837e+00  1.3433e+00  0.0000e+00
3.9200e+00  1.6773e+00  1.6941e+00  0.0000e+00
3.9300e+00  1.8464e+00  2.0022e+00  0.0000e+00
3.9400e+00  1.8859e+00  2.1405e+00  0.0000e+00
3.9500e+00  1.7625e+00  1.5267e+00  0.0000e+00
3.9600e+00  1.6286e+00  7.1944e-01  0.0000e+00
3.9700e+00  1.5272e+00  -3.6963e-01  0.0000e+00
3.9800e+00  1.5040e+00  -7.5681e-01  0.0000e+00
3.9900e+00  1.4801e+00  -9.9332e-01  0.0000e+00
4.0000e+00  1.4599e+00  -1.1413e+00  0.0000e+00
4.0100e+00  1.4360e+00  -1.3668e+00  0.0000e+00
4.0200e+00  1.4762e+00  -2.1272e+00  0.0000e+00
4.0300e+00  1.5069e+00  -2.5871e+00  0.0000e+00
4.0400e+00  1.6332e+00  -3.1523e+00  0.0000e+00
4.0500e+00  1.7485e+00  -3.3741e+00  0.0000e+00
4.0600e+00  2.0036e+00  -3.8719e+00  0.0000e+00
4.0700e+00  2.2267e+00  -4.1825e+00  0.0000e+00
4.0800e+00  2.4431e+00  -4.8104e+00  0.0000e+00
4.0900e+00  2.3164e+00  -4.3358e+00  0.0000e+00
4.1000e+00  2.0344e+00  -3.1782e+00  0.0000e+00
4.1100e+00  1.7460e+00  -1.4487e+00  0.0000e+00
4.1200e+00  1.6356e+00  -2.2680e-01  0.0000e+00
4.1300e+00  1.5757e+00  4.8918e-01  0.0000e+00
4.1400e+00  1.5560e+00  8.3142e-01  0.0000e+00
4.1500e+00  1.4830e+00  9.8244e-01  0.0000e+00
4.1600e+00  1.5128e+00  1.7725e+00  0.0000e+00
4.1700e+00  1.4820e+00  2.1118e+00  0.0000e+00
4.1800e+00  1.5476e+00  2.4492e+00  0.0000e+00
4.1900e+00  1.5241e+00  2.6189e+00  0.0000e+00
4.2000e+00  1.5496e+00  2.1309e+00  0.0000e+00
4.2100e+00  1.6173e+00  2.2365e+00  0.0000e+00
4.2200e+00  1.7351e+00  2.2590e+00  0.0000e+00
4.2300e+00  1.8687e+00  2.6441e+00  0.0000e+00
4.2400e+00  1.9067e+00  2.6757e+00  0.0000e+00
4.2500e+00  1.8439e+00  2.3091e+00  0.0000e+00
4.2600e+00  1.7023e+00  1.3386e+00  0.0000e+00
4.2700e+00  1.6117e+00  -9.1482e-02  0.0000e+00
4.2800e+00  1.5988e+00  -1.2393e-01  0.0000e+00
4.2900e+00  1.5370e+00  -7.5255e-01  0.0000e+00
4.3000e+00  1.4951e+00  -5.7286e-01  0.0000e+00
4.3100e+00  1.4153e+00  -7.6928e-01  0.0000e+00
4.3200e+00  1.4753e+00  -1.5336e+00  0.0000e+00
4.3300e+00  1.4309e+00  -2.0240e+00  0.0000e+00
4.3400e+00  1.5310e+00  -2.0158e+00  0.0000e+00
4.3500e+00  1.5084e+00  -2.1694e+00  0.0000e+00
4.3600e+00  1.6483e+00  -2.0994e+00  0.0000e+00
4.3700e+00  1.7294e+00  -1.8520e+00  0.0000e+00
4.3800e+00  2.0400e+00  -3.0792e+00  0.0000e+00
4.3900e+00  2.1195e+00  -3.1934e+00  0.0000e+00
4.4000e+00  2.0924e+00  -3.2517e+00  0.0000e+00
4.4100e+00  1.8402e+00  -1.7900e+00  0.0000e+00
4.4200e+00  1.6944e+00  -4.6877e-01  0.0000e+00
4.4300e+00  1.5863e+00  1.6465e+00  0.0000e+00
4.4400e+00  1.6517e+00  1.0491e+00  0.0000e+00
4.4500e+00  1.4793e+00  1.0627e+00  0.0000e+00
4.4600e+00  1.7015e+00  2.6612e+00  0.0000e+00
4.4700e+00  1.5446e+00  2.1735e+00  0.0000e+00
4.4800e+00  2.0820e+00  4.2774e+00  0.0000e+00
4.4900e+00  1.9025e+00  4.6679e+00  0.0000e+00
4.5000e+00  2.0435e+00  3.5194e+00  0.0000e+00
4.5100e+00  1.9064e+00  3.0880e+00  0.0000e+00
4.5200e+00  1.9058e+00  2.5074e+00  0.0000e+00
4.5300e+00  1.9475e+00  2.0578e+00  0.0000e+00
4.5400e+00  1.9173e+00  1.7884e+00  0.0000e+00
4.5500e+00  1.8832e+00  3.4899e+00  0.0000e+00
4.5600e+00  1.6878e+00  -8.1303e-01  0.0000e+00
4.5700e+00  1.7513e+00  -2.4488e+00  0.0000e+00
4.5800e+00  1.9007e+00  -1.5255e+00  0.0000e+00
4.5900e+00  1.6536e+00  -5.1407e+00  0.0000e+00
4.6000e+00  1.4230e+00  -8.4302e-02  0.0000e+00
4.6100e+00  1.0436e+00  8.0230e-01  0.0000e+00
4.6200e+00  1.3760e+00  -4.1392e-01  0.0000e+00
4.6300e+00  1.4970e+00  -2.4034e+00  0.0000e+00
4.6400e+00  2.0186e+00  -1.0489e+00  0.0000e+00
4.6500e+00  2.3481e+00  -9.4873e+00  0.0000e+00
4.6600e+00  1.2159e+00  7.3396e-01  0.0000e+00
4.6700e+00  7.6464e-01  9.6097e+00  0.0000e+00
4.6800e+00  1.8202e+00  2.8744e-01  0.0000e+00
4.6900e+00  3.4487e+00  7.7682e+00  0.0000e+00
4.7000e+00  6.2229e+00  -8.6954e+00  0.0000e+00
4.7100e+00  5.5403e-01  -2.7747e+01  0.0000e+00
4.7200e+00  1.9267e+00  -5.9217e+00  0.0000e+00
4.7300e+00  1.1807e+01  4.4704e+01  0.0000e+00
4.7400e+00  NaN  NaN  0.0000e+00
4.7500e+00  NaN  NaN  0.0000e+00
4.7600e+00  NaN  NaN  0.0000e+00
4.7700e+00  NaN  NaN  0.0000e+00
4.7800e+00  NaN  NaN  0.0000e+00
4.7900e+00  NaN  NaN  0.0000e+00
4.8000e+00  NaN  NaN  0.0000e+00
4.8100e+00  NaN  NaN  0.0000e+00
4.8200e+00  NaN  NaN  0.0000e+00
4.8300e+00  NaN  NaN  0.0000e+00
4.8400e+00  NaN  NaN  0.0000e+00
4.8500e+00  NaN  NaN  0.0000e+00
4.8600e+00  NaN  NaN  0.0000e+00
4.8700e+00  NaN  NaN  0.0000e+00
4.8800e+00  NaN  NaN  0.0000e+00
4.8900e+00  NaN  NaN  0.0000e+00
4.9000e+00  NaN  NaN  0.0000e+00
4.9100e+00  NaN  NaN  0.0000e+00
4.9200e+00  NaN  NaN  0.0000e+00
4.9300e+00  NaN  NaN  0.0000e+00
4.9400e+00  NaN  NaN  0.0000e+00
4.9500e+00  NaN  NaN  0.0000e+00
4.9600e+00  NaN  NaN  0.0000e+00
4.9700e+00  NaN  NaN  0.0000e+00
4.9800e+00  NaN  NaN  0.0000e+00
4.9900e+00  NaN  NaN  0.0000e+00
5.0000e+00  NaN  NaN  0.0000e+00
5.0100e+00  NaN  NaN  0.0000e+00